0 0 0 5.37669
0 0 1 9.98215
0 0.08 0 5.37669
0 0.02 1 9.98215
0 0.16 0 5.37669
0 0.04 1 9.98215
0 0.24 0 5.37669
0 0.06 1 9.98215
0 0.32 0 5.37669
0 0.08 1 9.98215
0 0.4 0 5.37669
0 0.1 1 9.98215
0 0.48 0 5.37669
0 0.12 1 9.98215
0 0.56 0 5.37669
0 0.14 1 9.98215
0 0.64 0 5.37669
0 0.16 1 9.98215
0 0.72 0 5.37669
0 0.18 1 9.98215
0 0.8 0 5.37669
0 0.2 1 9.98215
0 0.88 0 5.37669
0 0.22 1 9.98215
0 0.96 0 5.37669
0 0.24 1 9.98215
0 1.04 0 9.35429
0 0.26 1 7.22517
0 1.12 0 9.35429
0 0.28 1 7.22517
0 1.2 0 9.35429
0 0.3 1 7.22517
0 1.28 0 9.35429
0 0.32 1 7.22517
0 1.36 0 9.35429
0 0.34 1 7.22517
0 1.44 0 9.35429
0 0.36 1 7.22517
0 1.52 0 9.35429
0 0.38 1 7.22517
0 1.6 0 9.35429
0 0.4 1 7.22517
0 1.68 0 9.35429
0 0.42 1 7.22517
0 1.76 0 9.35429
0 0.44 1 7.22517
0 1.84 0 9.35429
0 0.46 1 7.22517
0 1.92 0 9.35429
0 0.48 1 7.22517
0 2 0 8.69117
0 0.5 1 6.92879
0 2.08 0 8.69117
0 0.52 1 6.92879
0 2.16 0 8.69117
0 0.54 1 6.92879
0 2.24 0 8.69117
0 0.56 1 6.92879
0 2.32 0 8.69117
0 0.58 1 6.92879
0 2.4 0 8.69117
0 0.6 1 6.92879
0 2.48 0 8.69117
0 0.62 1 6.92879
0 2.56 0 8.69117
0 0.64 1 6.92879
0 2.64 0 8.69117
0 0.66 1 6.92879
0 2.72 0 8.69117
0 0.68 1 6.92879
0 2.8 0 8.69117
0 0.7 1 6.92879
0 2.88 0 8.69117
0 0.72 1 6.92879
0 2.96 0 8.69117
0 0.74 1 6.92879
0 3.04 0 9.07777
0 0.76 1 8.2136
0 3.12 0 9.07777
0 0.78 1 8.2136
0 3.2 0 9.07777
0 0.8 1 8.2136
0 3.28 0 9.07777
0 0.82 1 8.2136
0 3.36 0 9.07777
0 0.84 1 8.2136
0 3.44 0 9.07777
0 0.86 1 8.2136
0 3.52 0 9.07777
0 0.88 1 8.2136
0 3.6 0 9.07777
0 0.9 1 8.2136
0 3.68 0 9.07777
0 0.92 1 8.2136
0 3.76 0 9.07777
0 0.94 1 8.2136
0 3.84 0 9.07777
0 0.96 1 8.2136
0 3.92 0 9.07777
0 0.98 1 8.2136
0.08 0 0 5.37669
0.02 0 1 9.98215
0.08 0.08 0 5.37669
0.02 0.02 1 9.98215
0.08 0.16 0 5.37669
0.02 0.04 1 9.98215
0.08 0.24 0 5.37669
0.02 0.06 1 9.98215
0.08 0.32 0 5.37669
0.02 0.08 1 9.98215
0.08 0.4 0 5.37669
0.02 0.1 1 9.98215
0.08 0.48 0 5.37669
0.02 0.12 1 9.98215
0.08 0.56 0 5.37669
0.02 0.14 1 9.98215
0.08 0.64 0 5.37669
0.02 0.16 1 9.98215
0.08 0.72 0 5.37669
0.02 0.18 1 9.98215
0.08 0.8 0 5.37669
0.02 0.2 1 9.98215
0.08 0.88 0 5.37669
0.02 0.22 1 9.98215
0.08 0.96 0 5.37669
0.02 0.24 1 9.98215
0.08 1.04 0 9.35429
0.02 0.26 1 7.22517
0.08 1.12 0 9.35429
0.02 0.28 1 7.22517
0.08 1.2 0 9.35429
0.02 0.3 1 7.22517
0.08 1.28 0 9.35429
0.02 0.32 1 7.22517
0.08 1.36 0 9.35429
0.02 0.34 1 7.22517
0.08 1.44 0 9.35429
0.02 0.36 1 7.22517
0.08 1.52 0 9.35429
0.02 0.38 1 7.22517
0.08 1.6 0 9.35429
0.02 0.4 1 7.22517
0.08 1.68 0 9.35429
0.02 0.42 1 7.22517
0.08 1.76 0 9.35429
0.02 0.44 1 7.22517
0.08 1.84 0 9.35429
0.02 0.46 1 7.22517
0.08 1.92 0 9.35429
0.02 0.48 1 7.22517
0.08 2 0 8.69117
0.02 0.5 1 6.92879
0.08 2.08 0 8.69117
0.02 0.52 1 6.92879
0.08 2.16 0 8.69117
0.02 0.54 1 6.92879
0.08 2.24 0 8.69117
0.02 0.56 1 6.92879
0.08 2.32 0 8.69117
0.02 0.58 1 6.92879
0.08 2.4 0 8.69117
0.02 0.6 1 6.92879
0.08 2.48 0 8.69117
0.02 0.62 1 6.92879
0.08 2.56 0 8.69117
0.02 0.64 1 6.92879
0.08 2.64 0 8.69117
0.02 0.66 1 6.92879
0.08 2.72 0 8.69117
0.02 0.68 1 6.92879
0.08 2.8 0 8.69117
0.02 0.7 1 6.92879
0.08 2.88 0 8.69117
0.02 0.72 1 6.92879
0.08 2.96 0 8.69117
0.02 0.74 1 6.92879
0.08 3.04 0 9.07777
0.02 0.76 1 8.2136
0.08 3.12 0 9.07777
0.02 0.78 1 8.2136
0.08 3.2 0 9.07777
0.02 0.8 1 8.2136
0.08 3.28 0 9.07777
0.02 0.82 1 8.2136
0.08 3.36 0 9.07777
0.02 0.84 1 8.2136
0.08 3.44 0 9.07777
0.02 0.86 1 8.2136
0.08 3.52 0 9.07777
0.02 0.88 1 8.2136
0.08 3.6 0 9.07777
0.02 0.9 1 8.2136
0.08 3.68 0 9.07777
0.02 0.92 1 8.2136
0.08 3.76 0 9.07777
0.02 0.94 1 8.2136
0.08 3.84 0 9.07777
0.02 0.96 1 8.2136
0.08 3.92 0 9.07777
0.02 0.98 1 8.2136
0.16 0 0 5.37669
0.04 0 1 9.98215
0.16 0.08 0 5.37669
0.04 0.02 1 9.98215
0.16 0.16 0 5.37669
0.04 0.04 1 9.98215
0.16 0.24 0 5.37669
0.04 0.06 1 9.98215
0.16 0.32 0 5.37669
0.04 0.08 1 9.98215
0.16 0.4 0 5.37669
0.04 0.1 1 9.98215
0.16 0.48 0 5.37669
0.04 0.12 1 9.98215
0.16 0.56 0 5.37669
0.04 0.14 1 9.98215
0.16 0.64 0 5.37669
0.04 0.16 1 9.98215
0.16 0.72 0 5.37669
0.04 0.18 1 9.98215
0.16 0.8 0 5.37669
0.04 0.2 1 9.98215
0.16 0.88 0 5.37669
0.04 0.22 1 9.98215
0.16 0.96 0 5.37669
0.04 0.24 1 9.98215
0.16 1.04 0 9.35429
0.04 0.26 1 7.22517
0.16 1.12 0 9.35429
0.04 0.28 1 7.22517
0.16 1.2 0 9.35429
0.04 0.3 1 7.22517
0.16 1.28 0 9.35429
0.04 0.32 1 7.22517
0.16 1.36 0 9.35429
0.04 0.34 1 7.22517
0.16 1.44 0 9.35429
0.04 0.36 1 7.22517
0.16 1.52 0 9.35429
0.04 0.38 1 7.22517
0.16 1.6 0 9.35429
0.04 0.4 1 7.22517
0.16 1.68 0 9.35429
0.04 0.42 1 7.22517
0.16 1.76 0 9.35429
0.04 0.44 1 7.22517
0.16 1.84 0 9.35429
0.04 0.46 1 7.22517
0.16 1.92 0 9.35429
0.04 0.48 1 7.22517
0.16 2 0 8.69117
0.04 0.5 1 6.92879
0.16 2.08 0 8.69117
0.04 0.52 1 6.92879
0.16 2.16 0 8.69117
0.04 0.54 1 6.92879
0.16 2.24 0 8.69117
0.04 0.56 1 6.92879
0.16 2.32 0 8.69117
0.04 0.58 1 6.92879
0.16 2.4 0 8.69117
0.04 0.6 1 6.92879
0.16 2.48 0 8.69117
0.04 0.62 1 6.92879
0.16 2.56 0 8.69117
0.04 0.64 1 6.92879
0.16 2.64 0 8.69117
0.04 0.66 1 6.92879
0.16 2.72 0 8.69117
0.04 0.68 1 6.92879
0.16 2.8 0 8.69117
0.04 0.7 1 6.92879
0.16 2.88 0 8.69117
0.04 0.72 1 6.92879
0.16 2.96 0 8.69117
0.04 0.74 1 6.92879
0.16 3.04 0 9.07777
0.04 0.76 1 8.2136
0.16 3.12 0 9.07777
0.04 0.78 1 8.2136
0.16 3.2 0 9.07777
0.04 0.8 1 8.2136
0.16 3.28 0 9.07777
0.04 0.82 1 8.2136
0.16 3.36 0 9.07777
0.04 0.84 1 8.2136
0.16 3.44 0 9.07777
0.04 0.86 1 8.2136
0.16 3.52 0 9.07777
0.04 0.88 1 8.2136
0.16 3.6 0 9.07777
0.04 0.9 1 8.2136
0.16 3.68 0 9.07777
0.04 0.92 1 8.2136
0.16 3.76 0 9.07777
0.04 0.94 1 8.2136
0.16 3.84 0 9.07777
0.04 0.96 1 8.2136
0.16 3.92 0 9.07777
0.04 0.98 1 8.2136
0.24 0 0 5.37669
0.06 0 1 9.98215
0.24 0.08 0 5.37669
0.06 0.02 1 9.98215
0.24 0.16 0 5.37669
0.06 0.04 1 9.98215
0.24 0.24 0 5.37669
0.06 0.06 1 9.98215
0.24 0.32 0 5.37669
0.06 0.08 1 9.98215
0.24 0.4 0 5.37669
0.06 0.1 1 9.98215
0.24 0.48 0 5.37669
0.06 0.12 1 9.98215
0.24 0.56 0 5.37669
0.06 0.14 1 9.98215
0.24 0.64 0 5.37669
0.06 0.16 1 9.98215
0.24 0.72 0 5.37669
0.06 0.18 1 9.98215
0.24 0.8 0 5.37669
0.06 0.2 1 9.98215
0.24 0.88 0 5.37669
0.06 0.22 1 9.98215
0.24 0.96 0 5.37669
0.06 0.24 1 9.98215
0.24 1.04 0 9.35429
0.06 0.26 1 7.22517
0.24 1.12 0 9.35429
0.06 0.28 1 7.22517
0.24 1.2 0 9.35429
0.06 0.3 1 7.22517
0.24 1.28 0 9.35429
0.06 0.32 1 7.22517
0.24 1.36 0 9.35429
0.06 0.34 1 7.22517
0.24 1.44 0 9.35429
0.06 0.36 1 7.22517
0.24 1.52 0 9.35429
0.06 0.38 1 7.22517
0.24 1.6 0 9.35429
0.06 0.4 1 7.22517
0.24 1.68 0 9.35429
0.06 0.42 1 7.22517
0.24 1.76 0 9.35429
0.06 0.44 1 7.22517
0.24 1.84 0 9.35429
0.06 0.46 1 7.22517
0.24 1.92 0 9.35429
0.06 0.48 1 7.22517
0.24 2 0 8.69117
0.06 0.5 1 6.92879
0.24 2.08 0 8.69117
0.06 0.52 1 6.92879
0.24 2.16 0 8.69117
0.06 0.54 1 6.92879
0.24 2.24 0 8.69117
0.06 0.56 1 6.92879
0.24 2.32 0 8.69117
0.06 0.58 1 6.92879
0.24 2.4 0 8.69117
0.06 0.6 1 6.92879
0.24 2.48 0 8.69117
0.06 0.62 1 6.92879
0.24 2.56 0 8.69117
0.06 0.64 1 6.92879
0.24 2.64 0 8.69117
0.06 0.66 1 6.92879
0.24 2.72 0 8.69117
0.06 0.68 1 6.92879
0.24 2.8 0 8.69117
0.06 0.7 1 6.92879
0.24 2.88 0 8.69117
0.06 0.72 1 6.92879
0.24 2.96 0 8.69117
0.06 0.74 1 6.92879
0.24 3.04 0 9.07777
0.06 0.76 1 8.2136
0.24 3.12 0 9.07777
0.06 0.78 1 8.2136
0.24 3.2 0 9.07777
0.06 0.8 1 8.2136
0.24 3.28 0 9.07777
0.06 0.82 1 8.2136
0.24 3.36 0 9.07777
0.06 0.84 1 8.2136
0.24 3.44 0 9.07777
0.06 0.86 1 8.2136
0.24 3.52 0 9.07777
0.06 0.88 1 8.2136
0.24 3.6 0 9.07777
0.06 0.9 1 8.2136
0.24 3.68 0 9.07777
0.06 0.92 1 8.2136
0.24 3.76 0 9.07777
0.06 0.94 1 8.2136
0.24 3.84 0 9.07777
0.06 0.96 1 8.2136
0.24 3.92 0 9.07777
0.06 0.98 1 8.2136
0.32 0 0 5.37669
0.08 0 1 9.98215
0.32 0.08 0 5.37669
0.08 0.02 1 9.98215
0.32 0.16 0 5.37669
0.08 0.04 1 9.98215
0.32 0.24 0 5.37669
0.08 0.06 1 9.98215
0.32 0.32 0 5.37669
0.08 0.08 1 9.98215
0.32 0.4 0 5.37669
0.08 0.1 1 9.98215
0.32 0.48 0 5.37669
0.08 0.12 1 9.98215
0.32 0.56 0 5.37669
0.08 0.14 1 9.98215
0.32 0.64 0 5.37669
0.08 0.16 1 9.98215
0.32 0.72 0 5.37669
0.08 0.18 1 9.98215
0.32 0.8 0 5.37669
0.08 0.2 1 9.98215
0.32 0.88 0 5.37669
0.08 0.22 1 9.98215
0.32 0.96 0 5.37669
0.08 0.24 1 9.98215
0.32 1.04 0 9.35429
0.08 0.26 1 7.22517
0.32 1.12 0 9.35429
0.08 0.28 1 7.22517
0.32 1.2 0 9.35429
0.08 0.3 1 7.22517
0.32 1.28 0 9.35429
0.08 0.32 1 7.22517
0.32 1.36 0 9.35429
0.08 0.34 1 7.22517
0.32 1.44 0 9.35429
0.08 0.36 1 7.22517
0.32 1.52 0 9.35429
0.08 0.38 1 7.22517
0.32 1.6 0 9.35429
0.08 0.4 1 7.22517
0.32 1.68 0 9.35429
0.08 0.42 1 7.22517
0.32 1.76 0 9.35429
0.08 0.44 1 7.22517
0.32 1.84 0 9.35429
0.08 0.46 1 7.22517
0.32 1.92 0 9.35429
0.08 0.48 1 7.22517
0.32 2 0 8.69117
0.08 0.5 1 6.92879
0.32 2.08 0 8.69117
0.08 0.52 1 6.92879
0.32 2.16 0 8.69117
0.08 0.54 1 6.92879
0.32 2.24 0 8.69117
0.08 0.56 1 6.92879
0.32 2.32 0 8.69117
0.08 0.58 1 6.92879
0.32 2.4 0 8.69117
0.08 0.6 1 6.92879
0.32 2.48 0 8.69117
0.08 0.62 1 6.92879
0.32 2.56 0 8.69117
0.08 0.64 1 6.92879
0.32 2.64 0 8.69117
0.08 0.66 1 6.92879
0.32 2.72 0 8.69117
0.08 0.68 1 6.92879
0.32 2.8 0 8.69117
0.08 0.7 1 6.92879
0.32 2.88 0 8.69117
0.08 0.72 1 6.92879
0.32 2.96 0 8.69117
0.08 0.74 1 6.92879
0.32 3.04 0 9.07777
0.08 0.76 1 8.2136
0.32 3.12 0 9.07777
0.08 0.78 1 8.2136
0.32 3.2 0 9.07777
0.08 0.8 1 8.2136
0.32 3.28 0 9.07777
0.08 0.82 1 8.2136
0.32 3.36 0 9.07777
0.08 0.84 1 8.2136
0.32 3.44 0 9.07777
0.08 0.86 1 8.2136
0.32 3.52 0 9.07777
0.08 0.88 1 8.2136
0.32 3.6 0 9.07777
0.08 0.9 1 8.2136
0.32 3.68 0 9.07777
0.08 0.92 1 8.2136
0.32 3.76 0 9.07777
0.08 0.94 1 8.2136
0.32 3.84 0 9.07777
0.08 0.96 1 8.2136
0.32 3.92 0 9.07777
0.08 0.98 1 8.2136
0.4 0 0 5.37669
0.1 0 1 9.98215
0.4 0.08 0 5.37669
0.1 0.02 1 9.98215
0.4 0.16 0 5.37669
0.1 0.04 1 9.98215
0.4 0.24 0 5.37669
0.1 0.06 1 9.98215
0.4 0.32 0 5.37669
0.1 0.08 1 9.98215
0.4 0.4 0 5.37669
0.1 0.1 1 9.98215
0.4 0.48 0 5.37669
0.1 0.12 1 9.98215
0.4 0.56 0 5.37669
0.1 0.14 1 9.98215
0.4 0.64 0 5.37669
0.1 0.16 1 9.98215
0.4 0.72 0 5.37669
0.1 0.18 1 9.98215
0.4 0.8 0 5.37669
0.1 0.2 1 9.98215
0.4 0.88 0 5.37669
0.1 0.22 1 9.98215
0.4 0.96 0 5.37669
0.1 0.24 1 9.98215
0.4 1.04 0 9.35429
0.1 0.26 1 7.22517
0.4 1.12 0 9.35429
0.1 0.28 1 7.22517
0.4 1.2 0 9.35429
0.1 0.3 1 7.22517
0.4 1.28 0 9.35429
0.1 0.32 1 7.22517
0.4 1.36 0 9.35429
0.1 0.34 1 7.22517
0.4 1.44 0 9.35429
0.1 0.36 1 7.22517
0.4 1.52 0 9.35429
0.1 0.38 1 7.22517
0.4 1.6 0 9.35429
0.1 0.4 1 7.22517
0.4 1.68 0 9.35429
0.1 0.42 1 7.22517
0.4 1.76 0 9.35429
0.1 0.44 1 7.22517
0.4 1.84 0 9.35429
0.1 0.46 1 7.22517
0.4 1.92 0 9.35429
0.1 0.48 1 7.22517
0.4 2 0 8.69117
0.1 0.5 1 6.92879
0.4 2.08 0 8.69117
0.1 0.52 1 6.92879
0.4 2.16 0 8.69117
0.1 0.54 1 6.92879
0.4 2.24 0 8.69117
0.1 0.56 1 6.92879
0.4 2.32 0 8.69117
0.1 0.58 1 6.92879
0.4 2.4 0 8.69117
0.1 0.6 1 6.92879
0.4 2.48 0 8.69117
0.1 0.62 1 6.92879
0.4 2.56 0 8.69117
0.1 0.64 1 6.92879
0.4 2.64 0 8.69117
0.1 0.66 1 6.92879
0.4 2.72 0 8.69117
0.1 0.68 1 6.92879
0.4 2.8 0 8.69117
0.1 0.7 1 6.92879
0.4 2.88 0 8.69117
0.1 0.72 1 6.92879
0.4 2.96 0 8.69117
0.1 0.74 1 6.92879
0.4 3.04 0 9.07777
0.1 0.76 1 8.2136
0.4 3.12 0 9.07777
0.1 0.78 1 8.2136
0.4 3.2 0 9.07777
0.1 0.8 1 8.2136
0.4 3.28 0 9.07777
0.1 0.82 1 8.2136
0.4 3.36 0 9.07777
0.1 0.84 1 8.2136
0.4 3.44 0 9.07777
0.1 0.86 1 8.2136
0.4 3.52 0 9.07777
0.1 0.88 1 8.2136
0.4 3.6 0 9.07777
0.1 0.9 1 8.2136
0.4 3.68 0 9.07777
0.1 0.92 1 8.2136
0.4 3.76 0 9.07777
0.1 0.94 1 8.2136
0.4 3.84 0 9.07777
0.1 0.96 1 8.2136
0.4 3.92 0 9.07777
0.1 0.98 1 8.2136
0.48 0 0 5.37669
0.12 0 1 9.98215
0.48 0.08 0 5.37669
0.12 0.02 1 9.98215
0.48 0.16 0 5.37669
0.12 0.04 1 9.98215
0.48 0.24 0 5.37669
0.12 0.06 1 9.98215
0.48 0.32 0 5.37669
0.12 0.08 1 9.98215
0.48 0.4 0 5.37669
0.12 0.1 1 9.98215
0.48 0.48 0 5.37669
0.12 0.12 1 9.98215
0.48 0.56 0 5.37669
0.12 0.14 1 9.98215
0.48 0.64 0 5.37669
0.12 0.16 1 9.98215
0.48 0.72 0 5.37669
0.12 0.18 1 9.98215
0.48 0.8 0 5.37669
0.12 0.2 1 9.98215
0.48 0.88 0 5.37669
0.12 0.22 1 9.98215
0.48 0.96 0 5.37669
0.12 0.24 1 9.98215
0.48 1.04 0 9.35429
0.12 0.26 1 7.22517
0.48 1.12 0 9.35429
0.12 0.28 1 7.22517
0.48 1.2 0 9.35429
0.12 0.3 1 7.22517
0.48 1.28 0 9.35429
0.12 0.32 1 7.22517
0.48 1.36 0 9.35429
0.12 0.34 1 7.22517
0.48 1.44 0 9.35429
0.12 0.36 1 7.22517
0.48 1.52 0 9.35429
0.12 0.38 1 7.22517
0.48 1.6 0 9.35429
0.12 0.4 1 7.22517
0.48 1.68 0 9.35429
0.12 0.42 1 7.22517
0.48 1.76 0 9.35429
0.12 0.44 1 7.22517
0.48 1.84 0 9.35429
0.12 0.46 1 7.22517
0.48 1.92 0 9.35429
0.12 0.48 1 7.22517
0.48 2 0 8.69117
0.12 0.5 1 6.92879
0.48 2.08 0 8.69117
0.12 0.52 1 6.92879
0.48 2.16 0 8.69117
0.12 0.54 1 6.92879
0.48 2.24 0 8.69117
0.12 0.56 1 6.92879
0.48 2.32 0 8.69117
0.12 0.58 1 6.92879
0.48 2.4 0 8.69117
0.12 0.6 1 6.92879
0.48 2.48 0 8.69117
0.12 0.62 1 6.92879
0.48 2.56 0 8.69117
0.12 0.64 1 6.92879
0.48 2.64 0 8.69117
0.12 0.66 1 6.92879
0.48 2.72 0 8.69117
0.12 0.68 1 6.92879
0.48 2.8 0 8.69117
0.12 0.7 1 6.92879
0.48 2.88 0 8.69117
0.12 0.72 1 6.92879
0.48 2.96 0 8.69117
0.12 0.74 1 6.92879
0.48 3.04 0 9.07777
0.12 0.76 1 8.2136
0.48 3.12 0 9.07777
0.12 0.78 1 8.2136
0.48 3.2 0 9.07777
0.12 0.8 1 8.2136
0.48 3.28 0 9.07777
0.12 0.82 1 8.2136
0.48 3.36 0 9.07777
0.12 0.84 1 8.2136
0.48 3.44 0 9.07777
0.12 0.86 1 8.2136
0.48 3.52 0 9.07777
0.12 0.88 1 8.2136
0.48 3.6 0 9.07777
0.12 0.9 1 8.2136
0.48 3.68 0 9.07777
0.12 0.92 1 8.2136
0.48 3.76 0 9.07777
0.12 0.94 1 8.2136
0.48 3.84 0 9.07777
0.12 0.96 1 8.2136
0.48 3.92 0 9.07777
0.12 0.98 1 8.2136
0.56 0 0 5.37669
0.14 0 1 9.98215
0.56 0.08 0 5.37669
0.14 0.02 1 9.98215
0.56 0.16 0 5.37669
0.14 0.04 1 9.98215
0.56 0.24 0 5.37669
0.14 0.06 1 9.98215
0.56 0.32 0 5.37669
0.14 0.08 1 9.98215
0.56 0.4 0 5.37669
0.14 0.1 1 9.98215
0.56 0.48 0 5.37669
0.14 0.12 1 9.98215
0.56 0.56 0 5.37669
0.14 0.14 1 9.98215
0.56 0.64 0 5.37669
0.14 0.16 1 9.98215
0.56 0.72 0 5.37669
0.14 0.18 1 9.98215
0.56 0.8 0 5.37669
0.14 0.2 1 9.98215
0.56 0.88 0 5.37669
0.14 0.22 1 9.98215
0.56 0.96 0 5.37669
0.14 0.24 1 9.98215
0.56 1.04 0 9.35429
0.14 0.26 1 7.22517
0.56 1.12 0 9.35429
0.14 0.28 1 7.22517
0.56 1.2 0 9.35429
0.14 0.3 1 7.22517
0.56 1.28 0 9.35429
0.14 0.32 1 7.22517
0.56 1.36 0 9.35429
0.14 0.34 1 7.22517
0.56 1.44 0 9.35429
0.14 0.36 1 7.22517
0.56 1.52 0 9.35429
0.14 0.38 1 7.22517
0.56 1.6 0 9.35429
0.14 0.4 1 7.22517
0.56 1.68 0 9.35429
0.14 0.42 1 7.22517
0.56 1.76 0 9.35429
0.14 0.44 1 7.22517
0.56 1.84 0 9.35429
0.14 0.46 1 7.22517
0.56 1.92 0 9.35429
0.14 0.48 1 7.22517
0.56 2 0 8.69117
0.14 0.5 1 6.92879
0.56 2.08 0 8.69117
0.14 0.52 1 6.92879
0.56 2.16 0 8.69117
0.14 0.54 1 6.92879
0.56 2.24 0 8.69117
0.14 0.56 1 6.92879
0.56 2.32 0 8.69117
0.14 0.58 1 6.92879
0.56 2.4 0 8.69117
0.14 0.6 1 6.92879
0.56 2.48 0 8.69117
0.14 0.62 1 6.92879
0.56 2.56 0 8.69117
0.14 0.64 1 6.92879
0.56 2.64 0 8.69117
0.14 0.66 1 6.92879
0.56 2.72 0 8.69117
0.14 0.68 1 6.92879
0.56 2.8 0 8.69117
0.14 0.7 1 6.92879
0.56 2.88 0 8.69117
0.14 0.72 1 6.92879
0.56 2.96 0 8.69117
0.14 0.74 1 6.92879
0.56 3.04 0 9.07777
0.14 0.76 1 8.2136
0.56 3.12 0 9.07777
0.14 0.78 1 8.2136
0.56 3.2 0 9.07777
0.14 0.8 1 8.2136
0.56 3.28 0 9.07777
0.14 0.82 1 8.2136
0.56 3.36 0 9.07777
0.14 0.84 1 8.2136
0.56 3.44 0 9.07777
0.14 0.86 1 8.2136
0.56 3.52 0 9.07777
0.14 0.88 1 8.2136
0.56 3.6 0 9.07777
0.14 0.9 1 8.2136
0.56 3.68 0 9.07777
0.14 0.92 1 8.2136
0.56 3.76 0 9.07777
0.14 0.94 1 8.2136
0.56 3.84 0 9.07777
0.14 0.96 1 8.2136
0.56 3.92 0 9.07777
0.14 0.98 1 8.2136
0.64 0 0 5.37669
0.16 0 1 9.98215
0.64 0.08 0 5.37669
0.16 0.02 1 9.98215
0.64 0.16 0 5.37669
0.16 0.04 1 9.98215
0.64 0.24 0 5.37669
0.16 0.06 1 9.98215
0.64 0.32 0 5.37669
0.16 0.08 1 9.98215
0.64 0.4 0 5.37669
0.16 0.1 1 9.98215
0.64 0.48 0 5.37669
0.16 0.12 1 9.98215
0.64 0.56 0 5.37669
0.16 0.14 1 9.98215
0.64 0.64 0 5.37669
0.16 0.16 1 9.98215
0.64 0.72 0 5.37669
0.16 0.18 1 9.98215
0.64 0.8 0 5.37669
0.16 0.2 1 9.98215
0.64 0.88 0 5.37669
0.16 0.22 1 9.98215
0.64 0.96 0 5.37669
0.16 0.24 1 9.98215
0.64 1.04 0 9.35429
0.16 0.26 1 7.22517
0.64 1.12 0 9.35429
0.16 0.28 1 7.22517
0.64 1.2 0 9.35429
0.16 0.3 1 7.22517
0.64 1.28 0 9.35429
0.16 0.32 1 7.22517
0.64 1.36 0 9.35429
0.16 0.34 1 7.22517
0.64 1.44 0 9.35429
0.16 0.36 1 7.22517
0.64 1.52 0 9.35429
0.16 0.38 1 7.22517
0.64 1.6 0 9.35429
0.16 0.4 1 7.22517
0.64 1.68 0 9.35429
0.16 0.42 1 7.22517
0.64 1.76 0 9.35429
0.16 0.44 1 7.22517
0.64 1.84 0 9.35429
0.16 0.46 1 7.22517
0.64 1.92 0 9.35429
0.16 0.48 1 7.22517
0.64 2 0 8.69117
0.16 0.5 1 6.92879
0.64 2.08 0 8.69117
0.16 0.52 1 6.92879
0.64 2.16 0 8.69117
0.16 0.54 1 6.92879
0.64 2.24 0 8.69117
0.16 0.56 1 6.92879
0.64 2.32 0 8.69117
0.16 0.58 1 6.92879
0.64 2.4 0 8.69117
0.16 0.6 1 6.92879
0.64 2.48 0 8.69117
0.16 0.62 1 6.92879
0.64 2.56 0 8.69117
0.16 0.64 1 6.92879
0.64 2.64 0 8.69117
0.16 0.66 1 6.92879
0.64 2.72 0 8.69117
0.16 0.68 1 6.92879
0.64 2.8 0 8.69117
0.16 0.7 1 6.92879
0.64 2.88 0 8.69117
0.16 0.72 1 6.92879
0.64 2.96 0 8.69117
0.16 0.74 1 6.92879
0.64 3.04 0 9.07777
0.16 0.76 1 8.2136
0.64 3.12 0 9.07777
0.16 0.78 1 8.2136
0.64 3.2 0 9.07777
0.16 0.8 1 8.2136
0.64 3.28 0 9.07777
0.16 0.82 1 8.2136
0.64 3.36 0 9.07777
0.16 0.84 1 8.2136
0.64 3.44 0 9.07777
0.16 0.86 1 8.2136
0.64 3.52 0 9.07777
0.16 0.88 1 8.2136
0.64 3.6 0 9.07777
0.16 0.9 1 8.2136
0.64 3.68 0 9.07777
0.16 0.92 1 8.2136
0.64 3.76 0 9.07777
0.16 0.94 1 8.2136
0.64 3.84 0 9.07777
0.16 0.96 1 8.2136
0.64 3.92 0 9.07777
0.16 0.98 1 8.2136
0.72 0 0 5.37669
0.18 0 1 9.98215
0.72 0.08 0 5.37669
0.18 0.02 1 9.98215
0.72 0.16 0 5.37669
0.18 0.04 1 9.98215
0.72 0.24 0 5.37669
0.18 0.06 1 9.98215
0.72 0.32 0 5.37669
0.18 0.08 1 9.98215
0.72 0.4 0 5.37669
0.18 0.1 1 9.98215
0.72 0.48 0 5.37669
0.18 0.12 1 9.98215
0.72 0.56 0 5.37669
0.18 0.14 1 9.98215
0.72 0.64 0 5.37669
0.18 0.16 1 9.98215
0.72 0.72 0 5.37669
0.18 0.18 1 9.98215
0.72 0.8 0 5.37669
0.18 0.2 1 9.98215
0.72 0.88 0 5.37669
0.18 0.22 1 9.98215
0.72 0.96 0 5.37669
0.18 0.24 1 9.98215
0.72 1.04 0 9.35429
0.18 0.26 1 7.22517
0.72 1.12 0 9.35429
0.18 0.28 1 7.22517
0.72 1.2 0 9.35429
0.18 0.3 1 7.22517
0.72 1.28 0 9.35429
0.18 0.32 1 7.22517
0.72 1.36 0 9.35429
0.18 0.34 1 7.22517
0.72 1.44 0 9.35429
0.18 0.36 1 7.22517
0.72 1.52 0 9.35429
0.18 0.38 1 7.22517
0.72 1.6 0 9.35429
0.18 0.4 1 7.22517
0.72 1.68 0 9.35429
0.18 0.42 1 7.22517
0.72 1.76 0 9.35429
0.18 0.44 1 7.22517
0.72 1.84 0 9.35429
0.18 0.46 1 7.22517
0.72 1.92 0 9.35429
0.18 0.48 1 7.22517
0.72 2 0 8.69117
0.18 0.5 1 6.92879
0.72 2.08 0 8.69117
0.18 0.52 1 6.92879
0.72 2.16 0 8.69117
0.18 0.54 1 6.92879
0.72 2.24 0 8.69117
0.18 0.56 1 6.92879
0.72 2.32 0 8.69117
0.18 0.58 1 6.92879
0.72 2.4 0 8.69117
0.18 0.6 1 6.92879
0.72 2.48 0 8.69117
0.18 0.62 1 6.92879
0.72 2.56 0 8.69117
0.18 0.64 1 6.92879
0.72 2.64 0 8.69117
0.18 0.66 1 6.92879
0.72 2.72 0 8.69117
0.18 0.68 1 6.92879
0.72 2.8 0 8.69117
0.18 0.7 1 6.92879
0.72 2.88 0 8.69117
0.18 0.72 1 6.92879
0.72 2.96 0 8.69117
0.18 0.74 1 6.92879
0.72 3.04 0 9.07777
0.18 0.76 1 8.2136
0.72 3.12 0 9.07777
0.18 0.78 1 8.2136
0.72 3.2 0 9.07777
0.18 0.8 1 8.2136
0.72 3.28 0 9.07777
0.18 0.82 1 8.2136
0.72 3.36 0 9.07777
0.18 0.84 1 8.2136
0.72 3.44 0 9.07777
0.18 0.86 1 8.2136
0.72 3.52 0 9.07777
0.18 0.88 1 8.2136
0.72 3.6 0 9.07777
0.18 0.9 1 8.2136
0.72 3.68 0 9.07777
0.18 0.92 1 8.2136
0.72 3.76 0 9.07777
0.18 0.94 1 8.2136
0.72 3.84 0 9.07777
0.18 0.96 1 8.2136
0.72 3.92 0 9.07777
0.18 0.98 1 8.2136
0.8 0 0 5.37669
0.2 0 1 9.98215
0.8 0.08 0 5.37669
0.2 0.02 1 9.98215
0.8 0.16 0 5.37669
0.2 0.04 1 9.98215
0.8 0.24 0 5.37669
0.2 0.06 1 9.98215
0.8 0.32 0 5.37669
0.2 0.08 1 9.98215
0.8 0.4 0 5.37669
0.2 0.1 1 9.98215
0.8 0.48 0 5.37669
0.2 0.12 1 9.98215
0.8 0.56 0 5.37669
0.2 0.14 1 9.98215
0.8 0.64 0 5.37669
0.2 0.16 1 9.98215
0.8 0.72 0 5.37669
0.2 0.18 1 9.98215
0.8 0.8 0 5.37669
0.2 0.2 1 9.98215
0.8 0.88 0 5.37669
0.2 0.22 1 9.98215
0.8 0.96 0 5.37669
0.2 0.24 1 9.98215
0.8 1.04 0 9.35429
0.2 0.26 1 7.22517
0.8 1.12 0 9.35429
0.2 0.28 1 7.22517
0.8 1.2 0 9.35429
0.2 0.3 1 7.22517
0.8 1.28 0 9.35429
0.2 0.32 1 7.22517
0.8 1.36 0 9.35429
0.2 0.34 1 7.22517
0.8 1.44 0 9.35429
0.2 0.36 1 7.22517
0.8 1.52 0 9.35429
0.2 0.38 1 7.22517
0.8 1.6 0 9.35429
0.2 0.4 1 7.22517
0.8 1.68 0 9.35429
0.2 0.42 1 7.22517
0.8 1.76 0 9.35429
0.2 0.44 1 7.22517
0.8 1.84 0 9.35429
0.2 0.46 1 7.22517
0.8 1.92 0 9.35429
0.2 0.48 1 7.22517
0.8 2 0 8.69117
0.2 0.5 1 6.92879
0.8 2.08 0 8.69117
0.2 0.52 1 6.92879
0.8 2.16 0 8.69117
0.2 0.54 1 6.92879
0.8 2.24 0 8.69117
0.2 0.56 1 6.92879
0.8 2.32 0 8.69117
0.2 0.58 1 6.92879
0.8 2.4 0 8.69117
0.2 0.6 1 6.92879
0.8 2.48 0 8.69117
0.2 0.62 1 6.92879
0.8 2.56 0 8.69117
0.2 0.64 1 6.92879
0.8 2.64 0 8.69117
0.2 0.66 1 6.92879
0.8 2.72 0 8.69117
0.2 0.68 1 6.92879
0.8 2.8 0 8.69117
0.2 0.7 1 6.92879
0.8 2.88 0 8.69117
0.2 0.72 1 6.92879
0.8 2.96 0 8.69117
0.2 0.74 1 6.92879
0.8 3.04 0 9.07777
0.2 0.76 1 8.2136
0.8 3.12 0 9.07777
0.2 0.78 1 8.2136
0.8 3.2 0 9.07777
0.2 0.8 1 8.2136
0.8 3.28 0 9.07777
0.2 0.82 1 8.2136
0.8 3.36 0 9.07777
0.2 0.84 1 8.2136
0.8 3.44 0 9.07777
0.2 0.86 1 8.2136
0.8 3.52 0 9.07777
0.2 0.88 1 8.2136
0.8 3.6 0 9.07777
0.2 0.9 1 8.2136
0.8 3.68 0 9.07777
0.2 0.92 1 8.2136
0.8 3.76 0 9.07777
0.2 0.94 1 8.2136
0.8 3.84 0 9.07777
0.2 0.96 1 8.2136
0.8 3.92 0 9.07777
0.2 0.98 1 8.2136
0.88 0 0 5.37669
0.22 0 1 9.98215
0.88 0.08 0 5.37669
0.22 0.02 1 9.98215
0.88 0.16 0 5.37669
0.22 0.04 1 9.98215
0.88 0.24 0 5.37669
0.22 0.06 1 9.98215
0.88 0.32 0 5.37669
0.22 0.08 1 9.98215
0.88 0.4 0 5.37669
0.22 0.1 1 9.98215
0.88 0.48 0 5.37669
0.22 0.12 1 9.98215
0.88 0.56 0 5.37669
0.22 0.14 1 9.98215
0.88 0.64 0 5.37669
0.22 0.16 1 9.98215
0.88 0.72 0 5.37669
0.22 0.18 1 9.98215
0.88 0.8 0 5.37669
0.22 0.2 1 9.98215
0.88 0.88 0 5.37669
0.22 0.22 1 9.98215
0.88 0.96 0 5.37669
0.22 0.24 1 9.98215
0.88 1.04 0 9.35429
0.22 0.26 1 7.22517
0.88 1.12 0 9.35429
0.22 0.28 1 7.22517
0.88 1.2 0 9.35429
0.22 0.3 1 7.22517
0.88 1.28 0 9.35429
0.22 0.32 1 7.22517
0.88 1.36 0 9.35429
0.22 0.34 1 7.22517
0.88 1.44 0 9.35429
0.22 0.36 1 7.22517
0.88 1.52 0 9.35429
0.22 0.38 1 7.22517
0.88 1.6 0 9.35429
0.22 0.4 1 7.22517
0.88 1.68 0 9.35429
0.22 0.42 1 7.22517
0.88 1.76 0 9.35429
0.22 0.44 1 7.22517
0.88 1.84 0 9.35429
0.22 0.46 1 7.22517
0.88 1.92 0 9.35429
0.22 0.48 1 7.22517
0.88 2 0 8.69117
0.22 0.5 1 6.92879
0.88 2.08 0 8.69117
0.22 0.52 1 6.92879
0.88 2.16 0 8.69117
0.22 0.54 1 6.92879
0.88 2.24 0 8.69117
0.22 0.56 1 6.92879
0.88 2.32 0 8.69117
0.22 0.58 1 6.92879
0.88 2.4 0 8.69117
0.22 0.6 1 6.92879
0.88 2.48 0 8.69117
0.22 0.62 1 6.92879
0.88 2.56 0 8.69117
0.22 0.64 1 6.92879
0.88 2.64 0 8.69117
0.22 0.66 1 6.92879
0.88 2.72 0 8.69117
0.22 0.68 1 6.92879
0.88 2.8 0 8.69117
0.22 0.7 1 6.92879
0.88 2.88 0 8.69117
0.22 0.72 1 6.92879
0.88 2.96 0 8.69117
0.22 0.74 1 6.92879
0.88 3.04 0 9.07777
0.22 0.76 1 8.2136
0.88 3.12 0 9.07777
0.22 0.78 1 8.2136
0.88 3.2 0 9.07777
0.22 0.8 1 8.2136
0.88 3.28 0 9.07777
0.22 0.82 1 8.2136
0.88 3.36 0 9.07777
0.22 0.84 1 8.2136
0.88 3.44 0 9.07777
0.22 0.86 1 8.2136
0.88 3.52 0 9.07777
0.22 0.88 1 8.2136
0.88 3.6 0 9.07777
0.22 0.9 1 8.2136
0.88 3.68 0 9.07777
0.22 0.92 1 8.2136
0.88 3.76 0 9.07777
0.22 0.94 1 8.2136
0.88 3.84 0 9.07777
0.22 0.96 1 8.2136
0.88 3.92 0 9.07777
0.22 0.98 1 8.2136
0.96 0 0 5.37669
0.24 0 1 9.98215
0.96 0.08 0 5.37669
0.24 0.02 1 9.98215
0.96 0.16 0 5.37669
0.24 0.04 1 9.98215
0.96 0.24 0 5.37669
0.24 0.06 1 9.98215
0.96 0.32 0 5.37669
0.24 0.08 1 9.98215
0.96 0.4 0 5.37669
0.24 0.1 1 9.98215
0.96 0.48 0 5.37669
0.24 0.12 1 9.98215
0.96 0.56 0 5.37669
0.24 0.14 1 9.98215
0.96 0.64 0 5.37669
0.24 0.16 1 9.98215
0.96 0.72 0 5.37669
0.24 0.18 1 9.98215
0.96 0.8 0 5.37669
0.24 0.2 1 9.98215
0.96 0.88 0 5.37669
0.24 0.22 1 9.98215
0.96 0.96 0 5.37669
0.24 0.24 1 9.98215
0.96 1.04 0 9.35429
0.24 0.26 1 7.22517
0.96 1.12 0 9.35429
0.24 0.28 1 7.22517
0.96 1.2 0 9.35429
0.24 0.3 1 7.22517
0.96 1.28 0 9.35429
0.24 0.32 1 7.22517
0.96 1.36 0 9.35429
0.24 0.34 1 7.22517
0.96 1.44 0 9.35429
0.24 0.36 1 7.22517
0.96 1.52 0 9.35429
0.24 0.38 1 7.22517
0.96 1.6 0 9.35429
0.24 0.4 1 7.22517
0.96 1.68 0 9.35429
0.24 0.42 1 7.22517
0.96 1.76 0 9.35429
0.24 0.44 1 7.22517
0.96 1.84 0 9.35429
0.24 0.46 1 7.22517
0.96 1.92 0 9.35429
0.24 0.48 1 7.22517
0.96 2 0 8.69117
0.24 0.5 1 6.92879
0.96 2.08 0 8.69117
0.24 0.52 1 6.92879
0.96 2.16 0 8.69117
0.24 0.54 1 6.92879
0.96 2.24 0 8.69117
0.24 0.56 1 6.92879
0.96 2.32 0 8.69117
0.24 0.58 1 6.92879
0.96 2.4 0 8.69117
0.24 0.6 1 6.92879
0.96 2.48 0 8.69117
0.24 0.62 1 6.92879
0.96 2.56 0 8.69117
0.24 0.64 1 6.92879
0.96 2.64 0 8.69117
0.24 0.66 1 6.92879
0.96 2.72 0 8.69117
0.24 0.68 1 6.92879
0.96 2.8 0 8.69117
0.24 0.7 1 6.92879
0.96 2.88 0 8.69117
0.24 0.72 1 6.92879
0.96 2.96 0 8.69117
0.24 0.74 1 6.92879
0.96 3.04 0 9.07777
0.24 0.76 1 8.2136
0.96 3.12 0 9.07777
0.24 0.78 1 8.2136
0.96 3.2 0 9.07777
0.24 0.8 1 8.2136
0.96 3.28 0 9.07777
0.24 0.82 1 8.2136
0.96 3.36 0 9.07777
0.24 0.84 1 8.2136
0.96 3.44 0 9.07777
0.24 0.86 1 8.2136
0.96 3.52 0 9.07777
0.24 0.88 1 8.2136
0.96 3.6 0 9.07777
0.24 0.9 1 8.2136
0.96 3.68 0 9.07777
0.24 0.92 1 8.2136
0.96 3.76 0 9.07777
0.24 0.94 1 8.2136
0.96 3.84 0 9.07777
0.24 0.96 1 8.2136
0.96 3.92 0 9.07777
0.24 0.98 1 8.2136
1.04 0 0 9.35429
0.26 0 1 7.22517
1.04 0.08 0 9.35429
0.26 0.02 1 7.22517
1.04 0.16 0 9.35429
0.26 0.04 1 7.22517
1.04 0.24 0 9.35429
0.26 0.06 1 7.22517
1.04 0.32 0 9.35429
0.26 0.08 1 7.22517
1.04 0.4 0 9.35429
0.26 0.1 1 7.22517
1.04 0.48 0 9.35429
0.26 0.12 1 7.22517
1.04 0.56 0 9.35429
0.26 0.14 1 7.22517
1.04 0.64 0 9.35429
0.26 0.16 1 7.22517
1.04 0.72 0 9.35429
0.26 0.18 1 7.22517
1.04 0.8 0 9.35429
0.26 0.2 1 7.22517
1.04 0.88 0 9.35429
0.26 0.22 1 7.22517
1.04 0.96 0 9.35429
0.26 0.24 1 7.22517
1.04 1.04 0 9.26815
0.26 0.26 1 5.61427
1.04 1.12 0 9.26815
0.26 0.28 1 5.61427
1.04 1.2 0 9.26815
0.26 0.3 1 5.61427
1.04 1.28 0 9.26815
0.26 0.32 1 5.61427
1.04 1.36 0 9.26815
0.26 0.34 1 5.61427
1.04 1.44 0 9.26815
0.26 0.36 1 5.61427
1.04 1.52 0 9.26815
0.26 0.38 1 5.61427
1.04 1.6 0 9.26815
0.26 0.4 1 5.61427
1.04 1.68 0 9.26815
0.26 0.42 1 5.61427
1.04 1.76 0 9.26815
0.26 0.44 1 5.61427
1.04 1.84 0 9.26815
0.26 0.46 1 5.61427
1.04 1.92 0 9.26815
0.26 0.48 1 5.61427
1.04 2 0 8.6669
0.26 0.5 1 5.51255
1.04 2.08 0 8.6669
0.26 0.52 1 5.51255
1.04 2.16 0 8.6669
0.26 0.54 1 5.51255
1.04 2.24 0 8.6669
0.26 0.56 1 5.51255
1.04 2.32 0 8.6669
0.26 0.58 1 5.51255
1.04 2.4 0 8.6669
0.26 0.6 1 5.51255
1.04 2.48 0 8.6669
0.26 0.62 1 5.51255
1.04 2.56 0 8.6669
0.26 0.64 1 5.51255
1.04 2.64 0 8.6669
0.26 0.66 1 5.51255
1.04 2.72 0 8.6669
0.26 0.68 1 5.51255
1.04 2.8 0 8.6669
0.26 0.7 1 5.51255
1.04 2.88 0 8.6669
0.26 0.72 1 5.51255
1.04 2.96 0 8.6669
0.26 0.74 1 5.51255
1.04 3.04 0 8.87457
0.26 0.76 1 5.73123
1.04 3.12 0 8.87457
0.26 0.78 1 5.73123
1.04 3.2 0 8.87457
0.26 0.8 1 5.73123
1.04 3.28 0 8.87457
0.26 0.82 1 5.73123
1.04 3.36 0 8.87457
0.26 0.84 1 5.73123
1.04 3.44 0 8.87457
0.26 0.86 1 5.73123
1.04 3.52 0 8.87457
0.26 0.88 1 5.73123
1.04 3.6 0 8.87457
0.26 0.9 1 5.73123
1.04 3.68 0 8.87457
0.26 0.92 1 5.73123
1.04 3.76 0 8.87457
0.26 0.94 1 5.73123
1.04 3.84 0 8.87457
0.26 0.96 1 5.73123
1.04 3.92 0 8.87457
0.26 0.98 1 5.73123
1.12 0 0 9.35429
0.28 0 1 7.22517
1.12 0.08 0 9.35429
0.28 0.02 1 7.22517
1.12 0.16 0 9.35429
0.28 0.04 1 7.22517
1.12 0.24 0 9.35429
0.28 0.06 1 7.22517
1.12 0.32 0 9.35429
0.28 0.08 1 7.22517
1.12 0.4 0 9.35429
0.28 0.1 1 7.22517
1.12 0.48 0 9.35429
0.28 0.12 1 7.22517
1.12 0.56 0 9.35429
0.28 0.14 1 7.22517
1.12 0.64 0 9.35429
0.28 0.16 1 7.22517
1.12 0.72 0 9.35429
0.28 0.18 1 7.22517
1.12 0.8 0 9.35429
0.28 0.2 1 7.22517
1.12 0.88 0 9.35429
0.28 0.22 1 7.22517
1.12 0.96 0 9.35429
0.28 0.24 1 7.22517
1.12 1.04 0 9.26815
0.28 0.26 1 5.61427
1.12 1.12 0 9.26815
0.28 0.28 1 5.61427
1.12 1.2 0 9.26815
0.28 0.3 1 5.61427
1.12 1.28 0 9.26815
0.28 0.32 1 5.61427
1.12 1.36 0 9.26815
0.28 0.34 1 5.61427
1.12 1.44 0 9.26815
0.28 0.36 1 5.61427
1.12 1.52 0 9.26815
0.28 0.38 1 5.61427
1.12 1.6 0 9.26815
0.28 0.4 1 5.61427
1.12 1.68 0 9.26815
0.28 0.42 1 5.61427
1.12 1.76 0 9.26815
0.28 0.44 1 5.61427
1.12 1.84 0 9.26815
0.28 0.46 1 5.61427
1.12 1.92 0 9.26815
0.28 0.48 1 5.61427
1.12 2 0 8.6669
0.28 0.5 1 5.51255
1.12 2.08 0 8.6669
0.28 0.52 1 5.51255
1.12 2.16 0 8.6669
0.28 0.54 1 5.51255
1.12 2.24 0 8.6669
0.28 0.56 1 5.51255
1.12 2.32 0 8.6669
0.28 0.58 1 5.51255
1.12 2.4 0 8.6669
0.28 0.6 1 5.51255
1.12 2.48 0 8.6669
0.28 0.62 1 5.51255
1.12 2.56 0 8.6669
0.28 0.64 1 5.51255
1.12 2.64 0 8.6669
0.28 0.66 1 5.51255
1.12 2.72 0 8.6669
0.28 0.68 1 5.51255
1.12 2.8 0 8.6669
0.28 0.7 1 5.51255
1.12 2.88 0 8.6669
0.28 0.72 1 5.51255
1.12 2.96 0 8.6669
0.28 0.74 1 5.51255
1.12 3.04 0 8.87457
0.28 0.76 1 5.73123
1.12 3.12 0 8.87457
0.28 0.78 1 5.73123
1.12 3.2 0 8.87457
0.28 0.8 1 5.73123
1.12 3.28 0 8.87457
0.28 0.82 1 5.73123
1.12 3.36 0 8.87457
0.28 0.84 1 5.73123
1.12 3.44 0 8.87457
0.28 0.86 1 5.73123
1.12 3.52 0 8.87457
0.28 0.88 1 5.73123
1.12 3.6 0 8.87457
0.28 0.9 1 5.73123
1.12 3.68 0 8.87457
0.28 0.92 1 5.73123
1.12 3.76 0 8.87457
0.28 0.94 1 5.73123
1.12 3.84 0 8.87457
0.28 0.96 1 5.73123
1.12 3.92 0 8.87457
0.28 0.98 1 5.73123
1.2 0 0 9.35429
0.3 0 1 7.22517
1.2 0.08 0 9.35429
0.3 0.02 1 7.22517
1.2 0.16 0 9.35429
0.3 0.04 1 7.22517
1.2 0.24 0 9.35429
0.3 0.06 1 7.22517
1.2 0.32 0 9.35429
0.3 0.08 1 7.22517
1.2 0.4 0 9.35429
0.3 0.1 1 7.22517
1.2 0.48 0 9.35429
0.3 0.12 1 7.22517
1.2 0.56 0 9.35429
0.3 0.14 1 7.22517
1.2 0.64 0 9.35429
0.3 0.16 1 7.22517
1.2 0.72 0 9.35429
0.3 0.18 1 7.22517
1.2 0.8 0 9.35429
0.3 0.2 1 7.22517
1.2 0.88 0 9.35429
0.3 0.22 1 7.22517
1.2 0.96 0 9.35429
0.3 0.24 1 7.22517
1.2 1.04 0 9.26815
0.3 0.26 1 5.61427
1.2 1.12 0 9.26815
0.3 0.28 1 5.61427
1.2 1.2 0 9.26815
0.3 0.3 1 5.61427
1.2 1.28 0 9.26815
0.3 0.32 1 5.61427
1.2 1.36 0 9.26815
0.3 0.34 1 5.61427
1.2 1.44 0 9.26815
0.3 0.36 1 5.61427
1.2 1.52 0 9.26815
0.3 0.38 1 5.61427
1.2 1.6 0 9.26815
0.3 0.4 1 5.61427
1.2 1.68 0 9.26815
0.3 0.42 1 5.61427
1.2 1.76 0 9.26815
0.3 0.44 1 5.61427
1.2 1.84 0 9.26815
0.3 0.46 1 5.61427
1.2 1.92 0 9.26815
0.3 0.48 1 5.61427
1.2 2 0 8.6669
0.3 0.5 1 5.51255
1.2 2.08 0 8.6669
0.3 0.52 1 5.51255
1.2 2.16 0 8.6669
0.3 0.54 1 5.51255
1.2 2.24 0 8.6669
0.3 0.56 1 5.51255
1.2 2.32 0 8.6669
0.3 0.58 1 5.51255
1.2 2.4 0 8.6669
0.3 0.6 1 5.51255
1.2 2.48 0 8.6669
0.3 0.62 1 5.51255
1.2 2.56 0 8.6669
0.3 0.64 1 5.51255
1.2 2.64 0 8.6669
0.3 0.66 1 5.51255
1.2 2.72 0 8.6669
0.3 0.68 1 5.51255
1.2 2.8 0 8.6669
0.3 0.7 1 5.51255
1.2 2.88 0 8.6669
0.3 0.72 1 5.51255
1.2 2.96 0 8.6669
0.3 0.74 1 5.51255
1.2 3.04 0 8.87457
0.3 0.76 1 5.73123
1.2 3.12 0 8.87457
0.3 0.78 1 5.73123
1.2 3.2 0 8.87457
0.3 0.8 1 5.73123
1.2 3.28 0 8.87457
0.3 0.82 1 5.73123
1.2 3.36 0 8.87457
0.3 0.84 1 5.73123
1.2 3.44 0 8.87457
0.3 0.86 1 5.73123
1.2 3.52 0 8.87457
0.3 0.88 1 5.73123
1.2 3.6 0 8.87457
0.3 0.9 1 5.73123
1.2 3.68 0 8.87457
0.3 0.92 1 5.73123
1.2 3.76 0 8.87457
0.3 0.94 1 5.73123
1.2 3.84 0 8.87457
0.3 0.96 1 5.73123
1.2 3.92 0 8.87457
0.3 0.98 1 5.73123
1.28 0 0 9.35429
0.32 0 1 7.22517
1.28 0.08 0 9.35429
0.32 0.02 1 7.22517
1.28 0.16 0 9.35429
0.32 0.04 1 7.22517
1.28 0.24 0 9.35429
0.32 0.06 1 7.22517
1.28 0.32 0 9.35429
0.32 0.08 1 7.22517
1.28 0.4 0 9.35429
0.32 0.1 1 7.22517
1.28 0.48 0 9.35429
0.32 0.12 1 7.22517
1.28 0.56 0 9.35429
0.32 0.14 1 7.22517
1.28 0.64 0 9.35429
0.32 0.16 1 7.22517
1.28 0.72 0 9.35429
0.32 0.18 1 7.22517
1.28 0.8 0 9.35429
0.32 0.2 1 7.22517
1.28 0.88 0 9.35429
0.32 0.22 1 7.22517
1.28 0.96 0 9.35429
0.32 0.24 1 7.22517
1.28 1.04 0 9.26815
0.32 0.26 1 5.61427
1.28 1.12 0 9.26815
0.32 0.28 1 5.61427
1.28 1.2 0 9.26815
0.32 0.3 1 5.61427
1.28 1.28 0 9.26815
0.32 0.32 1 5.61427
1.28 1.36 0 9.26815
0.32 0.34 1 5.61427
1.28 1.44 0 9.26815
0.32 0.36 1 5.61427
1.28 1.52 0 9.26815
0.32 0.38 1 5.61427
1.28 1.6 0 9.26815
0.32 0.4 1 5.61427
1.28 1.68 0 9.26815
0.32 0.42 1 5.61427
1.28 1.76 0 9.26815
0.32 0.44 1 5.61427
1.28 1.84 0 9.26815
0.32 0.46 1 5.61427
1.28 1.92 0 9.26815
0.32 0.48 1 5.61427
1.28 2 0 8.6669
0.32 0.5 1 5.51255
1.28 2.08 0 8.6669
0.32 0.52 1 5.51255
1.28 2.16 0 8.6669
0.32 0.54 1 5.51255
1.28 2.24 0 8.6669
0.32 0.56 1 5.51255
1.28 2.32 0 8.6669
0.32 0.58 1 5.51255
1.28 2.4 0 8.6669
0.32 0.6 1 5.51255
1.28 2.48 0 8.6669
0.32 0.62 1 5.51255
1.28 2.56 0 8.6669
0.32 0.64 1 5.51255
1.28 2.64 0 8.6669
0.32 0.66 1 5.51255
1.28 2.72 0 8.6669
0.32 0.68 1 5.51255
1.28 2.8 0 8.6669
0.32 0.7 1 5.51255
1.28 2.88 0 8.6669
0.32 0.72 1 5.51255
1.28 2.96 0 8.6669
0.32 0.74 1 5.51255
1.28 3.04 0 8.87457
0.32 0.76 1 5.73123
1.28 3.12 0 8.87457
0.32 0.78 1 5.73123
1.28 3.2 0 8.87457
0.32 0.8 1 5.73123
1.28 3.28 0 8.87457
0.32 0.82 1 5.73123
1.28 3.36 0 8.87457
0.32 0.84 1 5.73123
1.28 3.44 0 8.87457
0.32 0.86 1 5.73123
1.28 3.52 0 8.87457
0.32 0.88 1 5.73123
1.28 3.6 0 8.87457
0.32 0.9 1 5.73123
1.28 3.68 0 8.87457
0.32 0.92 1 5.73123
1.28 3.76 0 8.87457
0.32 0.94 1 5.73123
1.28 3.84 0 8.87457
0.32 0.96 1 5.73123
1.28 3.92 0 8.87457
0.32 0.98 1 5.73123
1.36 0 0 9.35429
0.34 0 1 7.22517
1.36 0.08 0 9.35429
0.34 0.02 1 7.22517
1.36 0.16 0 9.35429
0.34 0.04 1 7.22517
1.36 0.24 0 9.35429
0.34 0.06 1 7.22517
1.36 0.32 0 9.35429
0.34 0.08 1 7.22517
1.36 0.4 0 9.35429
0.34 0.1 1 7.22517
1.36 0.48 0 9.35429
0.34 0.12 1 7.22517
1.36 0.56 0 9.35429
0.34 0.14 1 7.22517
1.36 0.64 0 9.35429
0.34 0.16 1 7.22517
1.36 0.72 0 9.35429
0.34 0.18 1 7.22517
1.36 0.8 0 9.35429
0.34 0.2 1 7.22517
1.36 0.88 0 9.35429
0.34 0.22 1 7.22517
1.36 0.96 0 9.35429
0.34 0.24 1 7.22517
1.36 1.04 0 9.26815
0.34 0.26 1 5.61427
1.36 1.12 0 9.26815
0.34 0.28 1 5.61427
1.36 1.2 0 9.26815
0.34 0.3 1 5.61427
1.36 1.28 0 9.26815
0.34 0.32 1 5.61427
1.36 1.36 0 9.26815
0.34 0.34 1 5.61427
1.36 1.44 0 9.26815
0.34 0.36 1 5.61427
1.36 1.52 0 9.26815
0.34 0.38 1 5.61427
1.36 1.6 0 9.26815
0.34 0.4 1 5.61427
1.36 1.68 0 9.26815
0.34 0.42 1 5.61427
1.36 1.76 0 9.26815
0.34 0.44 1 5.61427
1.36 1.84 0 9.26815
0.34 0.46 1 5.61427
1.36 1.92 0 9.26815
0.34 0.48 1 5.61427
1.36 2 0 8.6669
0.34 0.5 1 5.51255
1.36 2.08 0 8.6669
0.34 0.52 1 5.51255
1.36 2.16 0 8.6669
0.34 0.54 1 5.51255
1.36 2.24 0 8.6669
0.34 0.56 1 5.51255
1.36 2.32 0 8.6669
0.34 0.58 1 5.51255
1.36 2.4 0 8.6669
0.34 0.6 1 5.51255
1.36 2.48 0 8.6669
0.34 0.62 1 5.51255
1.36 2.56 0 8.6669
0.34 0.64 1 5.51255
1.36 2.64 0 8.6669
0.34 0.66 1 5.51255
1.36 2.72 0 8.6669
0.34 0.68 1 5.51255
1.36 2.8 0 8.6669
0.34 0.7 1 5.51255
1.36 2.88 0 8.6669
0.34 0.72 1 5.51255
1.36 2.96 0 8.6669
0.34 0.74 1 5.51255
1.36 3.04 0 8.87457
0.34 0.76 1 5.73123
1.36 3.12 0 8.87457
0.34 0.78 1 5.73123
1.36 3.2 0 8.87457
0.34 0.8 1 5.73123
1.36 3.28 0 8.87457
0.34 0.82 1 5.73123
1.36 3.36 0 8.87457
0.34 0.84 1 5.73123
1.36 3.44 0 8.87457
0.34 0.86 1 5.73123
1.36 3.52 0 8.87457
0.34 0.88 1 5.73123
1.36 3.6 0 8.87457
0.34 0.9 1 5.73123
1.36 3.68 0 8.87457
0.34 0.92 1 5.73123
1.36 3.76 0 8.87457
0.34 0.94 1 5.73123
1.36 3.84 0 8.87457
0.34 0.96 1 5.73123
1.36 3.92 0 8.87457
0.34 0.98 1 5.73123
1.44 0 0 9.35429
0.36 0 1 7.22517
1.44 0.08 0 9.35429
0.36 0.02 1 7.22517
1.44 0.16 0 9.35429
0.36 0.04 1 7.22517
1.44 0.24 0 9.35429
0.36 0.06 1 7.22517
1.44 0.32 0 9.35429
0.36 0.08 1 7.22517
1.44 0.4 0 9.35429
0.36 0.1 1 7.22517
1.44 0.48 0 9.35429
0.36 0.12 1 7.22517
1.44 0.56 0 9.35429
0.36 0.14 1 7.22517
1.44 0.64 0 9.35429
0.36 0.16 1 7.22517
1.44 0.72 0 9.35429
0.36 0.18 1 7.22517
1.44 0.8 0 9.35429
0.36 0.2 1 7.22517
1.44 0.88 0 9.35429
0.36 0.22 1 7.22517
1.44 0.96 0 9.35429
0.36 0.24 1 7.22517
1.44 1.04 0 9.26815
0.36 0.26 1 5.61427
1.44 1.12 0 9.26815
0.36 0.28 1 5.61427
1.44 1.2 0 9.26815
0.36 0.3 1 5.61427
1.44 1.28 0 9.26815
0.36 0.32 1 5.61427
1.44 1.36 0 9.26815
0.36 0.34 1 5.61427
1.44 1.44 0 9.26815
0.36 0.36 1 5.61427
1.44 1.52 0 9.26815
0.36 0.38 1 5.61427
1.44 1.6 0 9.26815
0.36 0.4 1 5.61427
1.44 1.68 0 9.26815
0.36 0.42 1 5.61427
1.44 1.76 0 9.26815
0.36 0.44 1 5.61427
1.44 1.84 0 9.26815
0.36 0.46 1 5.61427
1.44 1.92 0 9.26815
0.36 0.48 1 5.61427
1.44 2 0 8.6669
0.36 0.5 1 5.51255
1.44 2.08 0 8.6669
0.36 0.52 1 5.51255
1.44 2.16 0 8.6669
0.36 0.54 1 5.51255
1.44 2.24 0 8.6669
0.36 0.56 1 5.51255
1.44 2.32 0 8.6669
0.36 0.58 1 5.51255
1.44 2.4 0 8.6669
0.36 0.6 1 5.51255
1.44 2.48 0 8.6669
0.36 0.62 1 5.51255
1.44 2.56 0 8.6669
0.36 0.64 1 5.51255
1.44 2.64 0 8.6669
0.36 0.66 1 5.51255
1.44 2.72 0 8.6669
0.36 0.68 1 5.51255
1.44 2.8 0 8.6669
0.36 0.7 1 5.51255
1.44 2.88 0 8.6669
0.36 0.72 1 5.51255
1.44 2.96 0 8.6669
0.36 0.74 1 5.51255
1.44 3.04 0 8.87457
0.36 0.76 1 5.73123
1.44 3.12 0 8.87457
0.36 0.78 1 5.73123
1.44 3.2 0 8.87457
0.36 0.8 1 5.73123
1.44 3.28 0 8.87457
0.36 0.82 1 5.73123
1.44 3.36 0 8.87457
0.36 0.84 1 5.73123
1.44 3.44 0 8.87457
0.36 0.86 1 5.73123
1.44 3.52 0 8.87457
0.36 0.88 1 5.73123
1.44 3.6 0 8.87457
0.36 0.9 1 5.73123
1.44 3.68 0 8.87457
0.36 0.92 1 5.73123
1.44 3.76 0 8.87457
0.36 0.94 1 5.73123
1.44 3.84 0 8.87457
0.36 0.96 1 5.73123
1.44 3.92 0 8.87457
0.36 0.98 1 5.73123
1.52 0 0 9.35429
0.38 0 1 7.22517
1.52 0.08 0 9.35429
0.38 0.02 1 7.22517
1.52 0.16 0 9.35429
0.38 0.04 1 7.22517
1.52 0.24 0 9.35429
0.38 0.06 1 7.22517
1.52 0.32 0 9.35429
0.38 0.08 1 7.22517
1.52 0.4 0 9.35429
0.38 0.1 1 7.22517
1.52 0.48 0 9.35429
0.38 0.12 1 7.22517
1.52 0.56 0 9.35429
0.38 0.14 1 7.22517
1.52 0.64 0 9.35429
0.38 0.16 1 7.22517
1.52 0.72 0 9.35429
0.38 0.18 1 7.22517
1.52 0.8 0 9.35429
0.38 0.2 1 7.22517
1.52 0.88 0 9.35429
0.38 0.22 1 7.22517
1.52 0.96 0 9.35429
0.38 0.24 1 7.22517
1.52 1.04 0 9.26815
0.38 0.26 1 5.61427
1.52 1.12 0 9.26815
0.38 0.28 1 5.61427
1.52 1.2 0 9.26815
0.38 0.3 1 5.61427
1.52 1.28 0 9.26815
0.38 0.32 1 5.61427
1.52 1.36 0 9.26815
0.38 0.34 1 5.61427
1.52 1.44 0 9.26815
0.38 0.36 1 5.61427
1.52 1.52 0 9.26815
0.38 0.38 1 5.61427
1.52 1.6 0 9.26815
0.38 0.4 1 5.61427
1.52 1.68 0 9.26815
0.38 0.42 1 5.61427
1.52 1.76 0 9.26815
0.38 0.44 1 5.61427
1.52 1.84 0 9.26815
0.38 0.46 1 5.61427
1.52 1.92 0 9.26815
0.38 0.48 1 5.61427
1.52 2 0 8.6669
0.38 0.5 1 5.51255
1.52 2.08 0 8.6669
0.38 0.52 1 5.51255
1.52 2.16 0 8.6669
0.38 0.54 1 5.51255
1.52 2.24 0 8.6669
0.38 0.56 1 5.51255
1.52 2.32 0 8.6669
0.38 0.58 1 5.51255
1.52 2.4 0 8.6669
0.38 0.6 1 5.51255
1.52 2.48 0 8.6669
0.38 0.62 1 5.51255
1.52 2.56 0 8.6669
0.38 0.64 1 5.51255
1.52 2.64 0 8.6669
0.38 0.66 1 5.51255
1.52 2.72 0 8.6669
0.38 0.68 1 5.51255
1.52 2.8 0 8.6669
0.38 0.7 1 5.51255
1.52 2.88 0 8.6669
0.38 0.72 1 5.51255
1.52 2.96 0 8.6669
0.38 0.74 1 5.51255
1.52 3.04 0 8.87457
0.38 0.76 1 5.73123
1.52 3.12 0 8.87457
0.38 0.78 1 5.73123
1.52 3.2 0 8.87457
0.38 0.8 1 5.73123
1.52 3.28 0 8.87457
0.38 0.82 1 5.73123
1.52 3.36 0 8.87457
0.38 0.84 1 5.73123
1.52 3.44 0 8.87457
0.38 0.86 1 5.73123
1.52 3.52 0 8.87457
0.38 0.88 1 5.73123
1.52 3.6 0 8.87457
0.38 0.9 1 5.73123
1.52 3.68 0 8.87457
0.38 0.92 1 5.73123
1.52 3.76 0 8.87457
0.38 0.94 1 5.73123
1.52 3.84 0 8.87457
0.38 0.96 1 5.73123
1.52 3.92 0 8.87457
0.38 0.98 1 5.73123
1.6 0 0 9.35429
0.4 0 1 7.22517
1.6 0.08 0 9.35429
0.4 0.02 1 7.22517
1.6 0.16 0 9.35429
0.4 0.04 1 7.22517
1.6 0.24 0 9.35429
0.4 0.06 1 7.22517
1.6 0.32 0 9.35429
0.4 0.08 1 7.22517
1.6 0.4 0 9.35429
0.4 0.1 1 7.22517
1.6 0.48 0 9.35429
0.4 0.12 1 7.22517
1.6 0.56 0 9.35429
0.4 0.14 1 7.22517
1.6 0.64 0 9.35429
0.4 0.16 1 7.22517
1.6 0.72 0 9.35429
0.4 0.18 1 7.22517
1.6 0.8 0 9.35429
0.4 0.2 1 7.22517
1.6 0.88 0 9.35429
0.4 0.22 1 7.22517
1.6 0.96 0 9.35429
0.4 0.24 1 7.22517
1.6 1.04 0 9.26815
0.4 0.26 1 5.61427
1.6 1.12 0 9.26815
0.4 0.28 1 5.61427
1.6 1.2 0 9.26815
0.4 0.3 1 5.61427
1.6 1.28 0 9.26815
0.4 0.32 1 5.61427
1.6 1.36 0 9.26815
0.4 0.34 1 5.61427
1.6 1.44 0 9.26815
0.4 0.36 1 5.61427
1.6 1.52 0 9.26815
0.4 0.38 1 5.61427
1.6 1.6 0 9.26815
0.4 0.4 1 5.61427
1.6 1.68 0 9.26815
0.4 0.42 1 5.61427
1.6 1.76 0 9.26815
0.4 0.44 1 5.61427
1.6 1.84 0 9.26815
0.4 0.46 1 5.61427
1.6 1.92 0 9.26815
0.4 0.48 1 5.61427
1.6 2 0 8.6669
0.4 0.5 1 5.51255
1.6 2.08 0 8.6669
0.4 0.52 1 5.51255
1.6 2.16 0 8.6669
0.4 0.54 1 5.51255
1.6 2.24 0 8.6669
0.4 0.56 1 5.51255
1.6 2.32 0 8.6669
0.4 0.58 1 5.51255
1.6 2.4 0 8.6669
0.4 0.6 1 5.51255
1.6 2.48 0 8.6669
0.4 0.62 1 5.51255
1.6 2.56 0 8.6669
0.4 0.64 1 5.51255
1.6 2.64 0 8.6669
0.4 0.66 1 5.51255
1.6 2.72 0 8.6669
0.4 0.68 1 5.51255
1.6 2.8 0 8.6669
0.4 0.7 1 5.51255
1.6 2.88 0 8.6669
0.4 0.72 1 5.51255
1.6 2.96 0 8.6669
0.4 0.74 1 5.51255
1.6 3.04 0 8.87457
0.4 0.76 1 5.73123
1.6 3.12 0 8.87457
0.4 0.78 1 5.73123
1.6 3.2 0 8.87457
0.4 0.8 1 5.73123
1.6 3.28 0 8.87457
0.4 0.82 1 5.73123
1.6 3.36 0 8.87457
0.4 0.84 1 5.73123
1.6 3.44 0 8.87457
0.4 0.86 1 5.73123
1.6 3.52 0 8.87457
0.4 0.88 1 5.73123
1.6 3.6 0 8.87457
0.4 0.9 1 5.73123
1.6 3.68 0 8.87457
0.4 0.92 1 5.73123
1.6 3.76 0 8.87457
0.4 0.94 1 5.73123
1.6 3.84 0 8.87457
0.4 0.96 1 5.73123
1.6 3.92 0 8.87457
0.4 0.98 1 5.73123
1.68 0 0 9.35429
0.42 0 1 7.22517
1.68 0.08 0 9.35429
0.42 0.02 1 7.22517
1.68 0.16 0 9.35429
0.42 0.04 1 7.22517
1.68 0.24 0 9.35429
0.42 0.06 1 7.22517
1.68 0.32 0 9.35429
0.42 0.08 1 7.22517
1.68 0.4 0 9.35429
0.42 0.1 1 7.22517
1.68 0.48 0 9.35429
0.42 0.12 1 7.22517
1.68 0.56 0 9.35429
0.42 0.14 1 7.22517
1.68 0.64 0 9.35429
0.42 0.16 1 7.22517
1.68 0.72 0 9.35429
0.42 0.18 1 7.22517
1.68 0.8 0 9.35429
0.42 0.2 1 7.22517
1.68 0.88 0 9.35429
0.42 0.22 1 7.22517
1.68 0.96 0 9.35429
0.42 0.24 1 7.22517
1.68 1.04 0 9.26815
0.42 0.26 1 5.61427
1.68 1.12 0 9.26815
0.42 0.28 1 5.61427
1.68 1.2 0 9.26815
0.42 0.3 1 5.61427
1.68 1.28 0 9.26815
0.42 0.32 1 5.61427
1.68 1.36 0 9.26815
0.42 0.34 1 5.61427
1.68 1.44 0 9.26815
0.42 0.36 1 5.61427
1.68 1.52 0 9.26815
0.42 0.38 1 5.61427
1.68 1.6 0 9.26815
0.42 0.4 1 5.61427
1.68 1.68 0 9.26815
0.42 0.42 1 5.61427
1.68 1.76 0 9.26815
0.42 0.44 1 5.61427
1.68 1.84 0 9.26815
0.42 0.46 1 5.61427
1.68 1.92 0 9.26815
0.42 0.48 1 5.61427
1.68 2 0 8.6669
0.42 0.5 1 5.51255
1.68 2.08 0 8.6669
0.42 0.52 1 5.51255
1.68 2.16 0 8.6669
0.42 0.54 1 5.51255
1.68 2.24 0 8.6669
0.42 0.56 1 5.51255
1.68 2.32 0 8.6669
0.42 0.58 1 5.51255
1.68 2.4 0 8.6669
0.42 0.6 1 5.51255
1.68 2.48 0 8.6669
0.42 0.62 1 5.51255
1.68 2.56 0 8.6669
0.42 0.64 1 5.51255
1.68 2.64 0 8.6669
0.42 0.66 1 5.51255
1.68 2.72 0 8.6669
0.42 0.68 1 5.51255
1.68 2.8 0 8.6669
0.42 0.7 1 5.51255
1.68 2.88 0 8.6669
0.42 0.72 1 5.51255
1.68 2.96 0 8.6669
0.42 0.74 1 5.51255
1.68 3.04 0 8.87457
0.42 0.76 1 5.73123
1.68 3.12 0 8.87457
0.42 0.78 1 5.73123
1.68 3.2 0 8.87457
0.42 0.8 1 5.73123
1.68 3.28 0 8.87457
0.42 0.82 1 5.73123
1.68 3.36 0 8.87457
0.42 0.84 1 5.73123
1.68 3.44 0 8.87457
0.42 0.86 1 5.73123
1.68 3.52 0 8.87457
0.42 0.88 1 5.73123
1.68 3.6 0 8.87457
0.42 0.9 1 5.73123
1.68 3.68 0 8.87457
0.42 0.92 1 5.73123
1.68 3.76 0 8.87457
0.42 0.94 1 5.73123
1.68 3.84 0 8.87457
0.42 0.96 1 5.73123
1.68 3.92 0 8.87457
0.42 0.98 1 5.73123
1.76 0 0 9.35429
0.44 0 1 7.22517
1.76 0.08 0 9.35429
0.44 0.02 1 7.22517
1.76 0.16 0 9.35429
0.44 0.04 1 7.22517
1.76 0.24 0 9.35429
0.44 0.06 1 7.22517
1.76 0.32 0 9.35429
0.44 0.08 1 7.22517
1.76 0.4 0 9.35429
0.44 0.1 1 7.22517
1.76 0.48 0 9.35429
0.44 0.12 1 7.22517
1.76 0.56 0 9.35429
0.44 0.14 1 7.22517
1.76 0.64 0 9.35429
0.44 0.16 1 7.22517
1.76 0.72 0 9.35429
0.44 0.18 1 7.22517
1.76 0.8 0 9.35429
0.44 0.2 1 7.22517
1.76 0.88 0 9.35429
0.44 0.22 1 7.22517
1.76 0.96 0 9.35429
0.44 0.24 1 7.22517
1.76 1.04 0 9.26815
0.44 0.26 1 5.61427
1.76 1.12 0 9.26815
0.44 0.28 1 5.61427
1.76 1.2 0 9.26815
0.44 0.3 1 5.61427
1.76 1.28 0 9.26815
0.44 0.32 1 5.61427
1.76 1.36 0 9.26815
0.44 0.34 1 5.61427
1.76 1.44 0 9.26815
0.44 0.36 1 5.61427
1.76 1.52 0 9.26815
0.44 0.38 1 5.61427
1.76 1.6 0 9.26815
0.44 0.4 1 5.61427
1.76 1.68 0 9.26815
0.44 0.42 1 5.61427
1.76 1.76 0 9.26815
0.44 0.44 1 5.61427
1.76 1.84 0 9.26815
0.44 0.46 1 5.61427
1.76 1.92 0 9.26815
0.44 0.48 1 5.61427
1.76 2 0 8.6669
0.44 0.5 1 5.51255
1.76 2.08 0 8.6669
0.44 0.52 1 5.51255
1.76 2.16 0 8.6669
0.44 0.54 1 5.51255
1.76 2.24 0 8.6669
0.44 0.56 1 5.51255
1.76 2.32 0 8.6669
0.44 0.58 1 5.51255
1.76 2.4 0 8.6669
0.44 0.6 1 5.51255
1.76 2.48 0 8.6669
0.44 0.62 1 5.51255
1.76 2.56 0 8.6669
0.44 0.64 1 5.51255
1.76 2.64 0 8.6669
0.44 0.66 1 5.51255
1.76 2.72 0 8.6669
0.44 0.68 1 5.51255
1.76 2.8 0 8.6669
0.44 0.7 1 5.51255
1.76 2.88 0 8.6669
0.44 0.72 1 5.51255
1.76 2.96 0 8.6669
0.44 0.74 1 5.51255
1.76 3.04 0 8.87457
0.44 0.76 1 5.73123
1.76 3.12 0 8.87457
0.44 0.78 1 5.73123
1.76 3.2 0 8.87457
0.44 0.8 1 5.73123
1.76 3.28 0 8.87457
0.44 0.82 1 5.73123
1.76 3.36 0 8.87457
0.44 0.84 1 5.73123
1.76 3.44 0 8.87457
0.44 0.86 1 5.73123
1.76 3.52 0 8.87457
0.44 0.88 1 5.73123
1.76 3.6 0 8.87457
0.44 0.9 1 5.73123
1.76 3.68 0 8.87457
0.44 0.92 1 5.73123
1.76 3.76 0 8.87457
0.44 0.94 1 5.73123
1.76 3.84 0 8.87457
0.44 0.96 1 5.73123
1.76 3.92 0 8.87457
0.44 0.98 1 5.73123
1.84 0 0 9.35429
0.46 0 1 7.22517
1.84 0.08 0 9.35429
0.46 0.02 1 7.22517
1.84 0.16 0 9.35429
0.46 0.04 1 7.22517
1.84 0.24 0 9.35429
0.46 0.06 1 7.22517
1.84 0.32 0 9.35429
0.46 0.08 1 7.22517
1.84 0.4 0 9.35429
0.46 0.1 1 7.22517
1.84 0.48 0 9.35429
0.46 0.12 1 7.22517
1.84 0.56 0 9.35429
0.46 0.14 1 7.22517
1.84 0.64 0 9.35429
0.46 0.16 1 7.22517
1.84 0.72 0 9.35429
0.46 0.18 1 7.22517
1.84 0.8 0 9.35429
0.46 0.2 1 7.22517
1.84 0.88 0 9.35429
0.46 0.22 1 7.22517
1.84 0.96 0 9.35429
0.46 0.24 1 7.22517
1.84 1.04 0 9.26815
0.46 0.26 1 5.61427
1.84 1.12 0 9.26815
0.46 0.28 1 5.61427
1.84 1.2 0 9.26815
0.46 0.3 1 5.61427
1.84 1.28 0 9.26815
0.46 0.32 1 5.61427
1.84 1.36 0 9.26815
0.46 0.34 1 5.61427
1.84 1.44 0 9.26815
0.46 0.36 1 5.61427
1.84 1.52 0 9.26815
0.46 0.38 1 5.61427
1.84 1.6 0 9.26815
0.46 0.4 1 5.61427
1.84 1.68 0 9.26815
0.46 0.42 1 5.61427
1.84 1.76 0 9.26815
0.46 0.44 1 5.61427
1.84 1.84 0 9.26815
0.46 0.46 1 5.61427
1.84 1.92 0 9.26815
0.46 0.48 1 5.61427
1.84 2 0 8.6669
0.46 0.5 1 5.51255
1.84 2.08 0 8.6669
0.46 0.52 1 5.51255
1.84 2.16 0 8.6669
0.46 0.54 1 5.51255
1.84 2.24 0 8.6669
0.46 0.56 1 5.51255
1.84 2.32 0 8.6669
0.46 0.58 1 5.51255
1.84 2.4 0 8.6669
0.46 0.6 1 5.51255
1.84 2.48 0 8.6669
0.46 0.62 1 5.51255
1.84 2.56 0 8.6669
0.46 0.64 1 5.51255
1.84 2.64 0 8.6669
0.46 0.66 1 5.51255
1.84 2.72 0 8.6669
0.46 0.68 1 5.51255
1.84 2.8 0 8.6669
0.46 0.7 1 5.51255
1.84 2.88 0 8.6669
0.46 0.72 1 5.51255
1.84 2.96 0 8.6669
0.46 0.74 1 5.51255
1.84 3.04 0 8.87457
0.46 0.76 1 5.73123
1.84 3.12 0 8.87457
0.46 0.78 1 5.73123
1.84 3.2 0 8.87457
0.46 0.8 1 5.73123
1.84 3.28 0 8.87457
0.46 0.82 1 5.73123
1.84 3.36 0 8.87457
0.46 0.84 1 5.73123
1.84 3.44 0 8.87457
0.46 0.86 1 5.73123
1.84 3.52 0 8.87457
0.46 0.88 1 5.73123
1.84 3.6 0 8.87457
0.46 0.9 1 5.73123
1.84 3.68 0 8.87457
0.46 0.92 1 5.73123
1.84 3.76 0 8.87457
0.46 0.94 1 5.73123
1.84 3.84 0 8.87457
0.46 0.96 1 5.73123
1.84 3.92 0 8.87457
0.46 0.98 1 5.73123
1.92 0 0 9.35429
0.48 0 1 7.22517
1.92 0.08 0 9.35429
0.48 0.02 1 7.22517
1.92 0.16 0 9.35429
0.48 0.04 1 7.22517
1.92 0.24 0 9.35429
0.48 0.06 1 7.22517
1.92 0.32 0 9.35429
0.48 0.08 1 7.22517
1.92 0.4 0 9.35429
0.48 0.1 1 7.22517
1.92 0.48 0 9.35429
0.48 0.12 1 7.22517
1.92 0.56 0 9.35429
0.48 0.14 1 7.22517
1.92 0.64 0 9.35429
0.48 0.16 1 7.22517
1.92 0.72 0 9.35429
0.48 0.18 1 7.22517
1.92 0.8 0 9.35429
0.48 0.2 1 7.22517
1.92 0.88 0 9.35429
0.48 0.22 1 7.22517
1.92 0.96 0 9.35429
0.48 0.24 1 7.22517
1.92 1.04 0 9.26815
0.48 0.26 1 5.61427
1.92 1.12 0 9.26815
0.48 0.28 1 5.61427
1.92 1.2 0 9.26815
0.48 0.3 1 5.61427
1.92 1.28 0 9.26815
0.48 0.32 1 5.61427
1.92 1.36 0 9.26815
0.48 0.34 1 5.61427
1.92 1.44 0 9.26815
0.48 0.36 1 5.61427
1.92 1.52 0 9.26815
0.48 0.38 1 5.61427
1.92 1.6 0 9.26815
0.48 0.4 1 5.61427
1.92 1.68 0 9.26815
0.48 0.42 1 5.61427
1.92 1.76 0 9.26815
0.48 0.44 1 5.61427
1.92 1.84 0 9.26815
0.48 0.46 1 5.61427
1.92 1.92 0 9.26815
0.48 0.48 1 5.61427
1.92 2 0 8.6669
0.48 0.5 1 5.51255
1.92 2.08 0 8.6669
0.48 0.52 1 5.51255
1.92 2.16 0 8.6669
0.48 0.54 1 5.51255
1.92 2.24 0 8.6669
0.48 0.56 1 5.51255
1.92 2.32 0 8.6669
0.48 0.58 1 5.51255
1.92 2.4 0 8.6669
0.48 0.6 1 5.51255
1.92 2.48 0 8.6669
0.48 0.62 1 5.51255
1.92 2.56 0 8.6669
0.48 0.64 1 5.51255
1.92 2.64 0 8.6669
0.48 0.66 1 5.51255
1.92 2.72 0 8.6669
0.48 0.68 1 5.51255
1.92 2.8 0 8.6669
0.48 0.7 1 5.51255
1.92 2.88 0 8.6669
0.48 0.72 1 5.51255
1.92 2.96 0 8.6669
0.48 0.74 1 5.51255
1.92 3.04 0 8.87457
0.48 0.76 1 5.73123
1.92 3.12 0 8.87457
0.48 0.78 1 5.73123
1.92 3.2 0 8.87457
0.48 0.8 1 5.73123
1.92 3.28 0 8.87457
0.48 0.82 1 5.73123
1.92 3.36 0 8.87457
0.48 0.84 1 5.73123
1.92 3.44 0 8.87457
0.48 0.86 1 5.73123
1.92 3.52 0 8.87457
0.48 0.88 1 5.73123
1.92 3.6 0 8.87457
0.48 0.9 1 5.73123
1.92 3.68 0 8.87457
0.48 0.92 1 5.73123
1.92 3.76 0 8.87457
0.48 0.94 1 5.73123
1.92 3.84 0 8.87457
0.48 0.96 1 5.73123
1.92 3.92 0 8.87457
0.48 0.98 1 5.73123
2 0 0 8.69117
0.5 0 1 6.92879
2 0.08 0 8.69117
0.5 0.02 1 6.92879
2 0.16 0 8.69117
0.5 0.04 1 6.92879
2 0.24 0 8.69117
0.5 0.06 1 6.92879
2 0.32 0 8.69117
0.5 0.08 1 6.92879
2 0.4 0 8.69117
0.5 0.1 1 6.92879
2 0.48 0 8.69117
0.5 0.12 1 6.92879
2 0.56 0 8.69117
0.5 0.14 1 6.92879
2 0.64 0 8.69117
0.5 0.16 1 6.92879
2 0.72 0 8.69117
0.5 0.18 1 6.92879
2 0.8 0 8.69117
0.5 0.2 1 6.92879
2 0.88 0 8.69117
0.5 0.22 1 6.92879
2 0.96 0 8.69117
0.5 0.24 1 6.92879
2 1.04 0 8.6669
0.5 0.26 1 5.51255
2 1.12 0 8.6669
0.5 0.28 1 5.51255
2 1.2 0 8.6669
0.5 0.3 1 5.51255
2 1.28 0 8.6669
0.5 0.32 1 5.51255
2 1.36 0 8.6669
0.5 0.34 1 5.51255
2 1.44 0 8.6669
0.5 0.36 1 5.51255
2 1.52 0 8.6669
0.5 0.38 1 5.51255
2 1.6 0 8.6669
0.5 0.4 1 5.51255
2 1.68 0 8.6669
0.5 0.42 1 5.51255
2 1.76 0 8.6669
0.5 0.44 1 5.51255
2 1.84 0 8.6669
0.5 0.46 1 5.51255
2 1.92 0 8.6669
0.5 0.48 1 5.51255
2 2 0 8.59592
0.5 0.5 1 5.83181
2 2.08 0 8.59592
0.5 0.52 1 5.83181
2 2.16 0 8.59592
0.5 0.54 1 5.83181
2 2.24 0 8.59592
0.5 0.56 1 5.83181
2 2.32 0 8.59592
0.5 0.58 1 5.83181
2 2.4 0 8.59592
0.5 0.6 1 5.83181
2 2.48 0 8.59592
0.5 0.62 1 5.83181
2 2.56 0 8.59592
0.5 0.64 1 5.83181
2 2.64 0 8.59592
0.5 0.66 1 5.83181
2 2.72 0 8.59592
0.5 0.68 1 5.83181
2 2.8 0 8.59592
0.5 0.7 1 5.83181
2 2.88 0 8.59592
0.5 0.72 1 5.83181
2 2.96 0 8.59592
0.5 0.74 1 5.83181
2 3.04 0 9.02277
0.5 0.76 1 6.09829
2 3.12 0 9.02277
0.5 0.78 1 6.09829
2 3.2 0 9.02277
0.5 0.8 1 6.09829
2 3.28 0 9.02277
0.5 0.82 1 6.09829
2 3.36 0 9.02277
0.5 0.84 1 6.09829
2 3.44 0 9.02277
0.5 0.86 1 6.09829
2 3.52 0 9.02277
0.5 0.88 1 6.09829
2 3.6 0 9.02277
0.5 0.9 1 6.09829
2 3.68 0 9.02277
0.5 0.92 1 6.09829
2 3.76 0 9.02277
0.5 0.94 1 6.09829
2 3.84 0 9.02277
0.5 0.96 1 6.09829
2 3.92 0 9.02277
0.5 0.98 1 6.09829
2.08 0 0 8.69117
0.52 0 1 6.92879
2.08 0.08 0 8.69117
0.52 0.02 1 6.92879
2.08 0.16 0 8.69117
0.52 0.04 1 6.92879
2.08 0.24 0 8.69117
0.52 0.06 1 6.92879
2.08 0.32 0 8.69117
0.52 0.08 1 6.92879
2.08 0.4 0 8.69117
0.52 0.1 1 6.92879
2.08 0.48 0 8.69117
0.52 0.12 1 6.92879
2.08 0.56 0 8.69117
0.52 0.14 1 6.92879
2.08 0.64 0 8.69117
0.52 0.16 1 6.92879
2.08 0.72 0 8.69117
0.52 0.18 1 6.92879
2.08 0.8 0 8.69117
0.52 0.2 1 6.92879
2.08 0.88 0 8.69117
0.52 0.22 1 6.92879
2.08 0.96 0 8.69117
0.52 0.24 1 6.92879
2.08 1.04 0 8.6669
0.52 0.26 1 5.51255
2.08 1.12 0 8.6669
0.52 0.28 1 5.51255
2.08 1.2 0 8.6669
0.52 0.3 1 5.51255
2.08 1.28 0 8.6669
0.52 0.32 1 5.51255
2.08 1.36 0 8.6669
0.52 0.34 1 5.51255
2.08 1.44 0 8.6669
0.52 0.36 1 5.51255
2.08 1.52 0 8.6669
0.52 0.38 1 5.51255
2.08 1.6 0 8.6669
0.52 0.4 1 5.51255
2.08 1.68 0 8.6669
0.52 0.42 1 5.51255
2.08 1.76 0 8.6669
0.52 0.44 1 5.51255
2.08 1.84 0 8.6669
0.52 0.46 1 5.51255
2.08 1.92 0 8.6669
0.52 0.48 1 5.51255
2.08 2 0 8.59592
0.52 0.5 1 5.83181
2.08 2.08 0 8.59592
0.52 0.52 1 5.83181
2.08 2.16 0 8.59592
0.52 0.54 1 5.83181
2.08 2.24 0 8.59592
0.52 0.56 1 5.83181
2.08 2.32 0 8.59592
0.52 0.58 1 5.83181
2.08 2.4 0 8.59592
0.52 0.6 1 5.83181
2.08 2.48 0 8.59592
0.52 0.62 1 5.83181
2.08 2.56 0 8.59592
0.52 0.64 1 5.83181
2.08 2.64 0 8.59592
0.52 0.66 1 5.83181
2.08 2.72 0 8.59592
0.52 0.68 1 5.83181
2.08 2.8 0 8.59592
0.52 0.7 1 5.83181
2.08 2.88 0 8.59592
0.52 0.72 1 5.83181
2.08 2.96 0 8.59592
0.52 0.74 1 5.83181
2.08 3.04 0 9.02277
0.52 0.76 1 6.09829
2.08 3.12 0 9.02277
0.52 0.78 1 6.09829
2.08 3.2 0 9.02277
0.52 0.8 1 6.09829
2.08 3.28 0 9.02277
0.52 0.82 1 6.09829
2.08 3.36 0 9.02277
0.52 0.84 1 6.09829
2.08 3.44 0 9.02277
0.52 0.86 1 6.09829
2.08 3.52 0 9.02277
0.52 0.88 1 6.09829
2.08 3.6 0 9.02277
0.52 0.9 1 6.09829
2.08 3.68 0 9.02277
0.52 0.92 1 6.09829
2.08 3.76 0 9.02277
0.52 0.94 1 6.09829
2.08 3.84 0 9.02277
0.52 0.96 1 6.09829
2.08 3.92 0 9.02277
0.52 0.98 1 6.09829
2.16 0 0 8.69117
0.54 0 1 6.92879
2.16 0.08 0 8.69117
0.54 0.02 1 6.92879
2.16 0.16 0 8.69117
0.54 0.04 1 6.92879
2.16 0.24 0 8.69117
0.54 0.06 1 6.92879
2.16 0.32 0 8.69117
0.54 0.08 1 6.92879
2.16 0.4 0 8.69117
0.54 0.1 1 6.92879
2.16 0.48 0 8.69117
0.54 0.12 1 6.92879
2.16 0.56 0 8.69117
0.54 0.14 1 6.92879
2.16 0.64 0 8.69117
0.54 0.16 1 6.92879
2.16 0.72 0 8.69117
0.54 0.18 1 6.92879
2.16 0.8 0 8.69117
0.54 0.2 1 6.92879
2.16 0.88 0 8.69117
0.54 0.22 1 6.92879
2.16 0.96 0 8.69117
0.54 0.24 1 6.92879
2.16 1.04 0 8.6669
0.54 0.26 1 5.51255
2.16 1.12 0 8.6669
0.54 0.28 1 5.51255
2.16 1.2 0 8.6669
0.54 0.3 1 5.51255
2.16 1.28 0 8.6669
0.54 0.32 1 5.51255
2.16 1.36 0 8.6669
0.54 0.34 1 5.51255
2.16 1.44 0 8.6669
0.54 0.36 1 5.51255
2.16 1.52 0 8.6669
0.54 0.38 1 5.51255
2.16 1.6 0 8.6669
0.54 0.4 1 5.51255
2.16 1.68 0 8.6669
0.54 0.42 1 5.51255
2.16 1.76 0 8.6669
0.54 0.44 1 5.51255
2.16 1.84 0 8.6669
0.54 0.46 1 5.51255
2.16 1.92 0 8.6669
0.54 0.48 1 5.51255
2.16 2 0 8.59592
0.54 0.5 1 5.83181
2.16 2.08 0 8.59592
0.54 0.52 1 5.83181
2.16 2.16 0 8.59592
0.54 0.54 1 5.83181
2.16 2.24 0 8.59592
0.54 0.56 1 5.83181
2.16 2.32 0 8.59592
0.54 0.58 1 5.83181
2.16 2.4 0 8.59592
0.54 0.6 1 5.83181
2.16 2.48 0 8.59592
0.54 0.62 1 5.83181
2.16 2.56 0 8.59592
0.54 0.64 1 5.83181
2.16 2.64 0 8.59592
0.54 0.66 1 5.83181
2.16 2.72 0 8.59592
0.54 0.68 1 5.83181
2.16 2.8 0 8.59592
0.54 0.7 1 5.83181
2.16 2.88 0 8.59592
0.54 0.72 1 5.83181
2.16 2.96 0 8.59592
0.54 0.74 1 5.83181
2.16 3.04 0 9.02277
0.54 0.76 1 6.09829
2.16 3.12 0 9.02277
0.54 0.78 1 6.09829
2.16 3.2 0 9.02277
0.54 0.8 1 6.09829
2.16 3.28 0 9.02277
0.54 0.82 1 6.09829
2.16 3.36 0 9.02277
0.54 0.84 1 6.09829
2.16 3.44 0 9.02277
0.54 0.86 1 6.09829
2.16 3.52 0 9.02277
0.54 0.88 1 6.09829
2.16 3.6 0 9.02277
0.54 0.9 1 6.09829
2.16 3.68 0 9.02277
0.54 0.92 1 6.09829
2.16 3.76 0 9.02277
0.54 0.94 1 6.09829
2.16 3.84 0 9.02277
0.54 0.96 1 6.09829
2.16 3.92 0 9.02277
0.54 0.98 1 6.09829
2.24 0 0 8.69117
0.56 0 1 6.92879
2.24 0.08 0 8.69117
0.56 0.02 1 6.92879
2.24 0.16 0 8.69117
0.56 0.04 1 6.92879
2.24 0.24 0 8.69117
0.56 0.06 1 6.92879
2.24 0.32 0 8.69117
0.56 0.08 1 6.92879
2.24 0.4 0 8.69117
0.56 0.1 1 6.92879
2.24 0.48 0 8.69117
0.56 0.12 1 6.92879
2.24 0.56 0 8.69117
0.56 0.14 1 6.92879
2.24 0.64 0 8.69117
0.56 0.16 1 6.92879
2.24 0.72 0 8.69117
0.56 0.18 1 6.92879
2.24 0.8 0 8.69117
0.56 0.2 1 6.92879
2.24 0.88 0 8.69117
0.56 0.22 1 6.92879
2.24 0.96 0 8.69117
0.56 0.24 1 6.92879
2.24 1.04 0 8.6669
0.56 0.26 1 5.51255
2.24 1.12 0 8.6669
0.56 0.28 1 5.51255
2.24 1.2 0 8.6669
0.56 0.3 1 5.51255
2.24 1.28 0 8.6669
0.56 0.32 1 5.51255
2.24 1.36 0 8.6669
0.56 0.34 1 5.51255
2.24 1.44 0 8.6669
0.56 0.36 1 5.51255
2.24 1.52 0 8.6669
0.56 0.38 1 5.51255
2.24 1.6 0 8.6669
0.56 0.4 1 5.51255
2.24 1.68 0 8.6669
0.56 0.42 1 5.51255
2.24 1.76 0 8.6669
0.56 0.44 1 5.51255
2.24 1.84 0 8.6669
0.56 0.46 1 5.51255
2.24 1.92 0 8.6669
0.56 0.48 1 5.51255
2.24 2 0 8.59592
0.56 0.5 1 5.83181
2.24 2.08 0 8.59592
0.56 0.52 1 5.83181
2.24 2.16 0 8.59592
0.56 0.54 1 5.83181
2.24 2.24 0 8.59592
0.56 0.56 1 5.83181
2.24 2.32 0 8.59592
0.56 0.58 1 5.83181
2.24 2.4 0 8.59592
0.56 0.6 1 5.83181
2.24 2.48 0 8.59592
0.56 0.62 1 5.83181
2.24 2.56 0 8.59592
0.56 0.64 1 5.83181
2.24 2.64 0 8.59592
0.56 0.66 1 5.83181
2.24 2.72 0 8.59592
0.56 0.68 1 5.83181
2.24 2.8 0 8.59592
0.56 0.7 1 5.83181
2.24 2.88 0 8.59592
0.56 0.72 1 5.83181
2.24 2.96 0 8.59592
0.56 0.74 1 5.83181
2.24 3.04 0 9.02277
0.56 0.76 1 6.09829
2.24 3.12 0 9.02277
0.56 0.78 1 6.09829
2.24 3.2 0 9.02277
0.56 0.8 1 6.09829
2.24 3.28 0 9.02277
0.56 0.82 1 6.09829
2.24 3.36 0 9.02277
0.56 0.84 1 6.09829
2.24 3.44 0 9.02277
0.56 0.86 1 6.09829
2.24 3.52 0 9.02277
0.56 0.88 1 6.09829
2.24 3.6 0 9.02277
0.56 0.9 1 6.09829
2.24 3.68 0 9.02277
0.56 0.92 1 6.09829
2.24 3.76 0 9.02277
0.56 0.94 1 6.09829
2.24 3.84 0 9.02277
0.56 0.96 1 6.09829
2.24 3.92 0 9.02277
0.56 0.98 1 6.09829
2.32 0 0 8.69117
0.58 0 1 6.92879
2.32 0.08 0 8.69117
0.58 0.02 1 6.92879
2.32 0.16 0 8.69117
0.58 0.04 1 6.92879
2.32 0.24 0 8.69117
0.58 0.06 1 6.92879
2.32 0.32 0 8.69117
0.58 0.08 1 6.92879
2.32 0.4 0 8.69117
0.58 0.1 1 6.92879
2.32 0.48 0 8.69117
0.58 0.12 1 6.92879
2.32 0.56 0 8.69117
0.58 0.14 1 6.92879
2.32 0.64 0 8.69117
0.58 0.16 1 6.92879
2.32 0.72 0 8.69117
0.58 0.18 1 6.92879
2.32 0.8 0 8.69117
0.58 0.2 1 6.92879
2.32 0.88 0 8.69117
0.58 0.22 1 6.92879
2.32 0.96 0 8.69117
0.58 0.24 1 6.92879
2.32 1.04 0 8.6669
0.58 0.26 1 5.51255
2.32 1.12 0 8.6669
0.58 0.28 1 5.51255
2.32 1.2 0 8.6669
0.58 0.3 1 5.51255
2.32 1.28 0 8.6669
0.58 0.32 1 5.51255
2.32 1.36 0 8.6669
0.58 0.34 1 5.51255
2.32 1.44 0 8.6669
0.58 0.36 1 5.51255
2.32 1.52 0 8.6669
0.58 0.38 1 5.51255
2.32 1.6 0 8.6669
0.58 0.4 1 5.51255
2.32 1.68 0 8.6669
0.58 0.42 1 5.51255
2.32 1.76 0 8.6669
0.58 0.44 1 5.51255
2.32 1.84 0 8.6669
0.58 0.46 1 5.51255
2.32 1.92 0 8.6669
0.58 0.48 1 5.51255
2.32 2 0 8.59592
0.58 0.5 1 5.83181
2.32 2.08 0 8.59592
0.58 0.52 1 5.83181
2.32 2.16 0 8.59592
0.58 0.54 1 5.83181
2.32 2.24 0 8.59592
0.58 0.56 1 5.83181
2.32 2.32 0 8.59592
0.58 0.58 1 5.83181
2.32 2.4 0 8.59592
0.58 0.6 1 5.83181
2.32 2.48 0 8.59592
0.58 0.62 1 5.83181
2.32 2.56 0 8.59592
0.58 0.64 1 5.83181
2.32 2.64 0 8.59592
0.58 0.66 1 5.83181
2.32 2.72 0 8.59592
0.58 0.68 1 5.83181
2.32 2.8 0 8.59592
0.58 0.7 1 5.83181
2.32 2.88 0 8.59592
0.58 0.72 1 5.83181
2.32 2.96 0 8.59592
0.58 0.74 1 5.83181
2.32 3.04 0 9.02277
0.58 0.76 1 6.09829
2.32 3.12 0 9.02277
0.58 0.78 1 6.09829
2.32 3.2 0 9.02277
0.58 0.8 1 6.09829
2.32 3.28 0 9.02277
0.58 0.82 1 6.09829
2.32 3.36 0 9.02277
0.58 0.84 1 6.09829
2.32 3.44 0 9.02277
0.58 0.86 1 6.09829
2.32 3.52 0 9.02277
0.58 0.88 1 6.09829
2.32 3.6 0 9.02277
0.58 0.9 1 6.09829
2.32 3.68 0 9.02277
0.58 0.92 1 6.09829
2.32 3.76 0 9.02277
0.58 0.94 1 6.09829
2.32 3.84 0 9.02277
0.58 0.96 1 6.09829
2.32 3.92 0 9.02277
0.58 0.98 1 6.09829
2.4 0 0 8.69117
0.6 0 1 6.92879
2.4 0.08 0 8.69117
0.6 0.02 1 6.92879
2.4 0.16 0 8.69117
0.6 0.04 1 6.92879
2.4 0.24 0 8.69117
0.6 0.06 1 6.92879
2.4 0.32 0 8.69117
0.6 0.08 1 6.92879
2.4 0.4 0 8.69117
0.6 0.1 1 6.92879
2.4 0.48 0 8.69117
0.6 0.12 1 6.92879
2.4 0.56 0 8.69117
0.6 0.14 1 6.92879
2.4 0.64 0 8.69117
0.6 0.16 1 6.92879
2.4 0.72 0 8.69117
0.6 0.18 1 6.92879
2.4 0.8 0 8.69117
0.6 0.2 1 6.92879
2.4 0.88 0 8.69117
0.6 0.22 1 6.92879
2.4 0.96 0 8.69117
0.6 0.24 1 6.92879
2.4 1.04 0 8.6669
0.6 0.26 1 5.51255
2.4 1.12 0 8.6669
0.6 0.28 1 5.51255
2.4 1.2 0 8.6669
0.6 0.3 1 5.51255
2.4 1.28 0 8.6669
0.6 0.32 1 5.51255
2.4 1.36 0 8.6669
0.6 0.34 1 5.51255
2.4 1.44 0 8.6669
0.6 0.36 1 5.51255
2.4 1.52 0 8.6669
0.6 0.38 1 5.51255
2.4 1.6 0 8.6669
0.6 0.4 1 5.51255
2.4 1.68 0 8.6669
0.6 0.42 1 5.51255
2.4 1.76 0 8.6669
0.6 0.44 1 5.51255
2.4 1.84 0 8.6669
0.6 0.46 1 5.51255
2.4 1.92 0 8.6669
0.6 0.48 1 5.51255
2.4 2 0 8.59592
0.6 0.5 1 5.83181
2.4 2.08 0 8.59592
0.6 0.52 1 5.83181
2.4 2.16 0 8.59592
0.6 0.54 1 5.83181
2.4 2.24 0 8.59592
0.6 0.56 1 5.83181
2.4 2.32 0 8.59592
0.6 0.58 1 5.83181
2.4 2.4 0 8.59592
0.6 0.6 1 5.83181
2.4 2.48 0 8.59592
0.6 0.62 1 5.83181
2.4 2.56 0 8.59592
0.6 0.64 1 5.83181
2.4 2.64 0 8.59592
0.6 0.66 1 5.83181
2.4 2.72 0 8.59592
0.6 0.68 1 5.83181
2.4 2.8 0 8.59592
0.6 0.7 1 5.83181
2.4 2.88 0 8.59592
0.6 0.72 1 5.83181
2.4 2.96 0 8.59592
0.6 0.74 1 5.83181
2.4 3.04 0 9.02277
0.6 0.76 1 6.09829
2.4 3.12 0 9.02277
0.6 0.78 1 6.09829
2.4 3.2 0 9.02277
0.6 0.8 1 6.09829
2.4 3.28 0 9.02277
0.6 0.82 1 6.09829
2.4 3.36 0 9.02277
0.6 0.84 1 6.09829
2.4 3.44 0 9.02277
0.6 0.86 1 6.09829
2.4 3.52 0 9.02277
0.6 0.88 1 6.09829
2.4 3.6 0 9.02277
0.6 0.9 1 6.09829
2.4 3.68 0 9.02277
0.6 0.92 1 6.09829
2.4 3.76 0 9.02277
0.6 0.94 1 6.09829
2.4 3.84 0 9.02277
0.6 0.96 1 6.09829
2.4 3.92 0 9.02277
0.6 0.98 1 6.09829
2.48 0 0 8.69117
0.62 0 1 6.92879
2.48 0.08 0 8.69117
0.62 0.02 1 6.92879
2.48 0.16 0 8.69117
0.62 0.04 1 6.92879
2.48 0.24 0 8.69117
0.62 0.06 1 6.92879
2.48 0.32 0 8.69117
0.62 0.08 1 6.92879
2.48 0.4 0 8.69117
0.62 0.1 1 6.92879
2.48 0.48 0 8.69117
0.62 0.12 1 6.92879
2.48 0.56 0 8.69117
0.62 0.14 1 6.92879
2.48 0.64 0 8.69117
0.62 0.16 1 6.92879
2.48 0.72 0 8.69117
0.62 0.18 1 6.92879
2.48 0.8 0 8.69117
0.62 0.2 1 6.92879
2.48 0.88 0 8.69117
0.62 0.22 1 6.92879
2.48 0.96 0 8.69117
0.62 0.24 1 6.92879
2.48 1.04 0 8.6669
0.62 0.26 1 5.51255
2.48 1.12 0 8.6669
0.62 0.28 1 5.51255
2.48 1.2 0 8.6669
0.62 0.3 1 5.51255
2.48 1.28 0 8.6669
0.62 0.32 1 5.51255
2.48 1.36 0 8.6669
0.62 0.34 1 5.51255
2.48 1.44 0 8.6669
0.62 0.36 1 5.51255
2.48 1.52 0 8.6669
0.62 0.38 1 5.51255
2.48 1.6 0 8.6669
0.62 0.4 1 5.51255
2.48 1.68 0 8.6669
0.62 0.42 1 5.51255
2.48 1.76 0 8.6669
0.62 0.44 1 5.51255
2.48 1.84 0 8.6669
0.62 0.46 1 5.51255
2.48 1.92 0 8.6669
0.62 0.48 1 5.51255
2.48 2 0 8.59592
0.62 0.5 1 5.83181
2.48 2.08 0 8.59592
0.62 0.52 1 5.83181
2.48 2.16 0 8.59592
0.62 0.54 1 5.83181
2.48 2.24 0 8.59592
0.62 0.56 1 5.83181
2.48 2.32 0 8.59592
0.62 0.58 1 5.83181
2.48 2.4 0 8.59592
0.62 0.6 1 5.83181
2.48 2.48 0 8.59592
0.62 0.62 1 5.83181
2.48 2.56 0 8.59592
0.62 0.64 1 5.83181
2.48 2.64 0 8.59592
0.62 0.66 1 5.83181
2.48 2.72 0 8.59592
0.62 0.68 1 5.83181
2.48 2.8 0 8.59592
0.62 0.7 1 5.83181
2.48 2.88 0 8.59592
0.62 0.72 1 5.83181
2.48 2.96 0 8.59592
0.62 0.74 1 5.83181
2.48 3.04 0 9.02277
0.62 0.76 1 6.09829
2.48 3.12 0 9.02277
0.62 0.78 1 6.09829
2.48 3.2 0 9.02277
0.62 0.8 1 6.09829
2.48 3.28 0 9.02277
0.62 0.82 1 6.09829
2.48 3.36 0 9.02277
0.62 0.84 1 6.09829
2.48 3.44 0 9.02277
0.62 0.86 1 6.09829
2.48 3.52 0 9.02277
0.62 0.88 1 6.09829
2.48 3.6 0 9.02277
0.62 0.9 1 6.09829
2.48 3.68 0 9.02277
0.62 0.92 1 6.09829
2.48 3.76 0 9.02277
0.62 0.94 1 6.09829
2.48 3.84 0 9.02277
0.62 0.96 1 6.09829
2.48 3.92 0 9.02277
0.62 0.98 1 6.09829
2.56 0 0 8.69117
0.64 0 1 6.92879
2.56 0.08 0 8.69117
0.64 0.02 1 6.92879
2.56 0.16 0 8.69117
0.64 0.04 1 6.92879
2.56 0.24 0 8.69117
0.64 0.06 1 6.92879
2.56 0.32 0 8.69117
0.64 0.08 1 6.92879
2.56 0.4 0 8.69117
0.64 0.1 1 6.92879
2.56 0.48 0 8.69117
0.64 0.12 1 6.92879
2.56 0.56 0 8.69117
0.64 0.14 1 6.92879
2.56 0.64 0 8.69117
0.64 0.16 1 6.92879
2.56 0.72 0 8.69117
0.64 0.18 1 6.92879
2.56 0.8 0 8.69117
0.64 0.2 1 6.92879
2.56 0.88 0 8.69117
0.64 0.22 1 6.92879
2.56 0.96 0 8.69117
0.64 0.24 1 6.92879
2.56 1.04 0 8.6669
0.64 0.26 1 5.51255
2.56 1.12 0 8.6669
0.64 0.28 1 5.51255
2.56 1.2 0 8.6669
0.64 0.3 1 5.51255
2.56 1.28 0 8.6669
0.64 0.32 1 5.51255
2.56 1.36 0 8.6669
0.64 0.34 1 5.51255
2.56 1.44 0 8.6669
0.64 0.36 1 5.51255
2.56 1.52 0 8.6669
0.64 0.38 1 5.51255
2.56 1.6 0 8.6669
0.64 0.4 1 5.51255
2.56 1.68 0 8.6669
0.64 0.42 1 5.51255
2.56 1.76 0 8.6669
0.64 0.44 1 5.51255
2.56 1.84 0 8.6669
0.64 0.46 1 5.51255
2.56 1.92 0 8.6669
0.64 0.48 1 5.51255
2.56 2 0 8.59592
0.64 0.5 1 5.83181
2.56 2.08 0 8.59592
0.64 0.52 1 5.83181
2.56 2.16 0 8.59592
0.64 0.54 1 5.83181
2.56 2.24 0 8.59592
0.64 0.56 1 5.83181
2.56 2.32 0 8.59592
0.64 0.58 1 5.83181
2.56 2.4 0 8.59592
0.64 0.6 1 5.83181
2.56 2.48 0 8.59592
0.64 0.62 1 5.83181
2.56 2.56 0 8.59592
0.64 0.64 1 5.83181
2.56 2.64 0 8.59592
0.64 0.66 1 5.83181
2.56 2.72 0 8.59592
0.64 0.68 1 5.83181
2.56 2.8 0 8.59592
0.64 0.7 1 5.83181
2.56 2.88 0 8.59592
0.64 0.72 1 5.83181
2.56 2.96 0 8.59592
0.64 0.74 1 5.83181
2.56 3.04 0 9.02277
0.64 0.76 1 6.09829
2.56 3.12 0 9.02277
0.64 0.78 1 6.09829
2.56 3.2 0 9.02277
0.64 0.8 1 6.09829
2.56 3.28 0 9.02277
0.64 0.82 1 6.09829
2.56 3.36 0 9.02277
0.64 0.84 1 6.09829
2.56 3.44 0 9.02277
0.64 0.86 1 6.09829
2.56 3.52 0 9.02277
0.64 0.88 1 6.09829
2.56 3.6 0 9.02277
0.64 0.9 1 6.09829
2.56 3.68 0 9.02277
0.64 0.92 1 6.09829
2.56 3.76 0 9.02277
0.64 0.94 1 6.09829
2.56 3.84 0 9.02277
0.64 0.96 1 6.09829
2.56 3.92 0 9.02277
0.64 0.98 1 6.09829
2.64 0 0 8.69117
0.66 0 1 6.92879
2.64 0.08 0 8.69117
0.66 0.02 1 6.92879
2.64 0.16 0 8.69117
0.66 0.04 1 6.92879
2.64 0.24 0 8.69117
0.66 0.06 1 6.92879
2.64 0.32 0 8.69117
0.66 0.08 1 6.92879
2.64 0.4 0 8.69117
0.66 0.1 1 6.92879
2.64 0.48 0 8.69117
0.66 0.12 1 6.92879
2.64 0.56 0 8.69117
0.66 0.14 1 6.92879
2.64 0.64 0 8.69117
0.66 0.16 1 6.92879
2.64 0.72 0 8.69117
0.66 0.18 1 6.92879
2.64 0.8 0 8.69117
0.66 0.2 1 6.92879
2.64 0.88 0 8.69117
0.66 0.22 1 6.92879
2.64 0.96 0 8.69117
0.66 0.24 1 6.92879
2.64 1.04 0 8.6669
0.66 0.26 1 5.51255
2.64 1.12 0 8.6669
0.66 0.28 1 5.51255
2.64 1.2 0 8.6669
0.66 0.3 1 5.51255
2.64 1.28 0 8.6669
0.66 0.32 1 5.51255
2.64 1.36 0 8.6669
0.66 0.34 1 5.51255
2.64 1.44 0 8.6669
0.66 0.36 1 5.51255
2.64 1.52 0 8.6669
0.66 0.38 1 5.51255
2.64 1.6 0 8.6669
0.66 0.4 1 5.51255
2.64 1.68 0 8.6669
0.66 0.42 1 5.51255
2.64 1.76 0 8.6669
0.66 0.44 1 5.51255
2.64 1.84 0 8.6669
0.66 0.46 1 5.51255
2.64 1.92 0 8.6669
0.66 0.48 1 5.51255
2.64 2 0 8.59592
0.66 0.5 1 5.83181
2.64 2.08 0 8.59592
0.66 0.52 1 5.83181
2.64 2.16 0 8.59592
0.66 0.54 1 5.83181
2.64 2.24 0 8.59592
0.66 0.56 1 5.83181
2.64 2.32 0 8.59592
0.66 0.58 1 5.83181
2.64 2.4 0 8.59592
0.66 0.6 1 5.83181
2.64 2.48 0 8.59592
0.66 0.62 1 5.83181
2.64 2.56 0 8.59592
0.66 0.64 1 5.83181
2.64 2.64 0 8.59592
0.66 0.66 1 5.83181
2.64 2.72 0 8.59592
0.66 0.68 1 5.83181
2.64 2.8 0 8.59592
0.66 0.7 1 5.83181
2.64 2.88 0 8.59592
0.66 0.72 1 5.83181
2.64 2.96 0 8.59592
0.66 0.74 1 5.83181
2.64 3.04 0 9.02277
0.66 0.76 1 6.09829
2.64 3.12 0 9.02277
0.66 0.78 1 6.09829
2.64 3.2 0 9.02277
0.66 0.8 1 6.09829
2.64 3.28 0 9.02277
0.66 0.82 1 6.09829
2.64 3.36 0 9.02277
0.66 0.84 1 6.09829
2.64 3.44 0 9.02277
0.66 0.86 1 6.09829
2.64 3.52 0 9.02277
0.66 0.88 1 6.09829
2.64 3.6 0 9.02277
0.66 0.9 1 6.09829
2.64 3.68 0 9.02277
0.66 0.92 1 6.09829
2.64 3.76 0 9.02277
0.66 0.94 1 6.09829
2.64 3.84 0 9.02277
0.66 0.96 1 6.09829
2.64 3.92 0 9.02277
0.66 0.98 1 6.09829
2.72 0 0 8.69117
0.68 0 1 6.92879
2.72 0.08 0 8.69117
0.68 0.02 1 6.92879
2.72 0.16 0 8.69117
0.68 0.04 1 6.92879
2.72 0.24 0 8.69117
0.68 0.06 1 6.92879
2.72 0.32 0 8.69117
0.68 0.08 1 6.92879
2.72 0.4 0 8.69117
0.68 0.1 1 6.92879
2.72 0.48 0 8.69117
0.68 0.12 1 6.92879
2.72 0.56 0 8.69117
0.68 0.14 1 6.92879
2.72 0.64 0 8.69117
0.68 0.16 1 6.92879
2.72 0.72 0 8.69117
0.68 0.18 1 6.92879
2.72 0.8 0 8.69117
0.68 0.2 1 6.92879
2.72 0.88 0 8.69117
0.68 0.22 1 6.92879
2.72 0.96 0 8.69117
0.68 0.24 1 6.92879
2.72 1.04 0 8.6669
0.68 0.26 1 5.51255
2.72 1.12 0 8.6669
0.68 0.28 1 5.51255
2.72 1.2 0 8.6669
0.68 0.3 1 5.51255
2.72 1.28 0 8.6669
0.68 0.32 1 5.51255
2.72 1.36 0 8.6669
0.68 0.34 1 5.51255
2.72 1.44 0 8.6669
0.68 0.36 1 5.51255
2.72 1.52 0 8.6669
0.68 0.38 1 5.51255
2.72 1.6 0 8.6669
0.68 0.4 1 5.51255
2.72 1.68 0 8.6669
0.68 0.42 1 5.51255
2.72 1.76 0 8.6669
0.68 0.44 1 5.51255
2.72 1.84 0 8.6669
0.68 0.46 1 5.51255
2.72 1.92 0 8.6669
0.68 0.48 1 5.51255
2.72 2 0 8.59592
0.68 0.5 1 5.83181
2.72 2.08 0 8.59592
0.68 0.52 1 5.83181
2.72 2.16 0 8.59592
0.68 0.54 1 5.83181
2.72 2.24 0 8.59592
0.68 0.56 1 5.83181
2.72 2.32 0 8.59592
0.68 0.58 1 5.83181
2.72 2.4 0 8.59592
0.68 0.6 1 5.83181
2.72 2.48 0 8.59592
0.68 0.62 1 5.83181
2.72 2.56 0 8.59592
0.68 0.64 1 5.83181
2.72 2.64 0 8.59592
0.68 0.66 1 5.83181
2.72 2.72 0 8.59592
0.68 0.68 1 5.83181
2.72 2.8 0 8.59592
0.68 0.7 1 5.83181
2.72 2.88 0 8.59592
0.68 0.72 1 5.83181
2.72 2.96 0 8.59592
0.68 0.74 1 5.83181
2.72 3.04 0 9.02277
0.68 0.76 1 6.09829
2.72 3.12 0 9.02277
0.68 0.78 1 6.09829
2.72 3.2 0 9.02277
0.68 0.8 1 6.09829
2.72 3.28 0 9.02277
0.68 0.82 1 6.09829
2.72 3.36 0 9.02277
0.68 0.84 1 6.09829
2.72 3.44 0 9.02277
0.68 0.86 1 6.09829
2.72 3.52 0 9.02277
0.68 0.88 1 6.09829
2.72 3.6 0 9.02277
0.68 0.9 1 6.09829
2.72 3.68 0 9.02277
0.68 0.92 1 6.09829
2.72 3.76 0 9.02277
0.68 0.94 1 6.09829
2.72 3.84 0 9.02277
0.68 0.96 1 6.09829
2.72 3.92 0 9.02277
0.68 0.98 1 6.09829
2.8 0 0 8.69117
0.7 0 1 6.92879
2.8 0.08 0 8.69117
0.7 0.02 1 6.92879
2.8 0.16 0 8.69117
0.7 0.04 1 6.92879
2.8 0.24 0 8.69117
0.7 0.06 1 6.92879
2.8 0.32 0 8.69117
0.7 0.08 1 6.92879
2.8 0.4 0 8.69117
0.7 0.1 1 6.92879
2.8 0.48 0 8.69117
0.7 0.12 1 6.92879
2.8 0.56 0 8.69117
0.7 0.14 1 6.92879
2.8 0.64 0 8.69117
0.7 0.16 1 6.92879
2.8 0.72 0 8.69117
0.7 0.18 1 6.92879
2.8 0.8 0 8.69117
0.7 0.2 1 6.92879
2.8 0.88 0 8.69117
0.7 0.22 1 6.92879
2.8 0.96 0 8.69117
0.7 0.24 1 6.92879
2.8 1.04 0 8.6669
0.7 0.26 1 5.51255
2.8 1.12 0 8.6669
0.7 0.28 1 5.51255
2.8 1.2 0 8.6669
0.7 0.3 1 5.51255
2.8 1.28 0 8.6669
0.7 0.32 1 5.51255
2.8 1.36 0 8.6669
0.7 0.34 1 5.51255
2.8 1.44 0 8.6669
0.7 0.36 1 5.51255
2.8 1.52 0 8.6669
0.7 0.38 1 5.51255
2.8 1.6 0 8.6669
0.7 0.4 1 5.51255
2.8 1.68 0 8.6669
0.7 0.42 1 5.51255
2.8 1.76 0 8.6669
0.7 0.44 1 5.51255
2.8 1.84 0 8.6669
0.7 0.46 1 5.51255
2.8 1.92 0 8.6669
0.7 0.48 1 5.51255
2.8 2 0 8.59592
0.7 0.5 1 5.83181
2.8 2.08 0 8.59592
0.7 0.52 1 5.83181
2.8 2.16 0 8.59592
0.7 0.54 1 5.83181
2.8 2.24 0 8.59592
0.7 0.56 1 5.83181
2.8 2.32 0 8.59592
0.7 0.58 1 5.83181
2.8 2.4 0 8.59592
0.7 0.6 1 5.83181
2.8 2.48 0 8.59592
0.7 0.62 1 5.83181
2.8 2.56 0 8.59592
0.7 0.64 1 5.83181
2.8 2.64 0 8.59592
0.7 0.66 1 5.83181
2.8 2.72 0 8.59592
0.7 0.68 1 5.83181
2.8 2.8 0 8.59592
0.7 0.7 1 5.83181
2.8 2.88 0 8.59592
0.7 0.72 1 5.83181
2.8 2.96 0 8.59592
0.7 0.74 1 5.83181
2.8 3.04 0 9.02277
0.7 0.76 1 6.09829
2.8 3.12 0 9.02277
0.7 0.78 1 6.09829
2.8 3.2 0 9.02277
0.7 0.8 1 6.09829
2.8 3.28 0 9.02277
0.7 0.82 1 6.09829
2.8 3.36 0 9.02277
0.7 0.84 1 6.09829
2.8 3.44 0 9.02277
0.7 0.86 1 6.09829
2.8 3.52 0 9.02277
0.7 0.88 1 6.09829
2.8 3.6 0 9.02277
0.7 0.9 1 6.09829
2.8 3.68 0 9.02277
0.7 0.92 1 6.09829
2.8 3.76 0 9.02277
0.7 0.94 1 6.09829
2.8 3.84 0 9.02277
0.7 0.96 1 6.09829
2.8 3.92 0 9.02277
0.7 0.98 1 6.09829
2.88 0 0 8.69117
0.72 0 1 6.92879
2.88 0.08 0 8.69117
0.72 0.02 1 6.92879
2.88 0.16 0 8.69117
0.72 0.04 1 6.92879
2.88 0.24 0 8.69117
0.72 0.06 1 6.92879
2.88 0.32 0 8.69117
0.72 0.08 1 6.92879
2.88 0.4 0 8.69117
0.72 0.1 1 6.92879
2.88 0.48 0 8.69117
0.72 0.12 1 6.92879
2.88 0.56 0 8.69117
0.72 0.14 1 6.92879
2.88 0.64 0 8.69117
0.72 0.16 1 6.92879
2.88 0.72 0 8.69117
0.72 0.18 1 6.92879
2.88 0.8 0 8.69117
0.72 0.2 1 6.92879
2.88 0.88 0 8.69117
0.72 0.22 1 6.92879
2.88 0.96 0 8.69117
0.72 0.24 1 6.92879
2.88 1.04 0 8.6669
0.72 0.26 1 5.51255
2.88 1.12 0 8.6669
0.72 0.28 1 5.51255
2.88 1.2 0 8.6669
0.72 0.3 1 5.51255
2.88 1.28 0 8.6669
0.72 0.32 1 5.51255
2.88 1.36 0 8.6669
0.72 0.34 1 5.51255
2.88 1.44 0 8.6669
0.72 0.36 1 5.51255
2.88 1.52 0 8.6669
0.72 0.38 1 5.51255
2.88 1.6 0 8.6669
0.72 0.4 1 5.51255
2.88 1.68 0 8.6669
0.72 0.42 1 5.51255
2.88 1.76 0 8.6669
0.72 0.44 1 5.51255
2.88 1.84 0 8.6669
0.72 0.46 1 5.51255
2.88 1.92 0 8.6669
0.72 0.48 1 5.51255
2.88 2 0 8.59592
0.72 0.5 1 5.83181
2.88 2.08 0 8.59592
0.72 0.52 1 5.83181
2.88 2.16 0 8.59592
0.72 0.54 1 5.83181
2.88 2.24 0 8.59592
0.72 0.56 1 5.83181
2.88 2.32 0 8.59592
0.72 0.58 1 5.83181
2.88 2.4 0 8.59592
0.72 0.6 1 5.83181
2.88 2.48 0 8.59592
0.72 0.62 1 5.83181
2.88 2.56 0 8.59592
0.72 0.64 1 5.83181
2.88 2.64 0 8.59592
0.72 0.66 1 5.83181
2.88 2.72 0 8.59592
0.72 0.68 1 5.83181
2.88 2.8 0 8.59592
0.72 0.7 1 5.83181
2.88 2.88 0 8.59592
0.72 0.72 1 5.83181
2.88 2.96 0 8.59592
0.72 0.74 1 5.83181
2.88 3.04 0 9.02277
0.72 0.76 1 6.09829
2.88 3.12 0 9.02277
0.72 0.78 1 6.09829
2.88 3.2 0 9.02277
0.72 0.8 1 6.09829
2.88 3.28 0 9.02277
0.72 0.82 1 6.09829
2.88 3.36 0 9.02277
0.72 0.84 1 6.09829
2.88 3.44 0 9.02277
0.72 0.86 1 6.09829
2.88 3.52 0 9.02277
0.72 0.88 1 6.09829
2.88 3.6 0 9.02277
0.72 0.9 1 6.09829
2.88 3.68 0 9.02277
0.72 0.92 1 6.09829
2.88 3.76 0 9.02277
0.72 0.94 1 6.09829
2.88 3.84 0 9.02277
0.72 0.96 1 6.09829
2.88 3.92 0 9.02277
0.72 0.98 1 6.09829
2.96 0 0 8.69117
0.74 0 1 6.92879
2.96 0.08 0 8.69117
0.74 0.02 1 6.92879
2.96 0.16 0 8.69117
0.74 0.04 1 6.92879
2.96 0.24 0 8.69117
0.74 0.06 1 6.92879
2.96 0.32 0 8.69117
0.74 0.08 1 6.92879
2.96 0.4 0 8.69117
0.74 0.1 1 6.92879
2.96 0.48 0 8.69117
0.74 0.12 1 6.92879
2.96 0.56 0 8.69117
0.74 0.14 1 6.92879
2.96 0.64 0 8.69117
0.74 0.16 1 6.92879
2.96 0.72 0 8.69117
0.74 0.18 1 6.92879
2.96 0.8 0 8.69117
0.74 0.2 1 6.92879
2.96 0.88 0 8.69117
0.74 0.22 1 6.92879
2.96 0.96 0 8.69117
0.74 0.24 1 6.92879
2.96 1.04 0 8.6669
0.74 0.26 1 5.51255
2.96 1.12 0 8.6669
0.74 0.28 1 5.51255
2.96 1.2 0 8.6669
0.74 0.3 1 5.51255
2.96 1.28 0 8.6669
0.74 0.32 1 5.51255
2.96 1.36 0 8.6669
0.74 0.34 1 5.51255
2.96 1.44 0 8.6669
0.74 0.36 1 5.51255
2.96 1.52 0 8.6669
0.74 0.38 1 5.51255
2.96 1.6 0 8.6669
0.74 0.4 1 5.51255
2.96 1.68 0 8.6669
0.74 0.42 1 5.51255
2.96 1.76 0 8.6669
0.74 0.44 1 5.51255
2.96 1.84 0 8.6669
0.74 0.46 1 5.51255
2.96 1.92 0 8.6669
0.74 0.48 1 5.51255
2.96 2 0 8.59592
0.74 0.5 1 5.83181
2.96 2.08 0 8.59592
0.74 0.52 1 5.83181
2.96 2.16 0 8.59592
0.74 0.54 1 5.83181
2.96 2.24 0 8.59592
0.74 0.56 1 5.83181
2.96 2.32 0 8.59592
0.74 0.58 1 5.83181
2.96 2.4 0 8.59592
0.74 0.6 1 5.83181
2.96 2.48 0 8.59592
0.74 0.62 1 5.83181
2.96 2.56 0 8.59592
0.74 0.64 1 5.83181
2.96 2.64 0 8.59592
0.74 0.66 1 5.83181
2.96 2.72 0 8.59592
0.74 0.68 1 5.83181
2.96 2.8 0 8.59592
0.74 0.7 1 5.83181
2.96 2.88 0 8.59592
0.74 0.72 1 5.83181
2.96 2.96 0 8.59592
0.74 0.74 1 5.83181
2.96 3.04 0 9.02277
0.74 0.76 1 6.09829
2.96 3.12 0 9.02277
0.74 0.78 1 6.09829
2.96 3.2 0 9.02277
0.74 0.8 1 6.09829
2.96 3.28 0 9.02277
0.74 0.82 1 6.09829
2.96 3.36 0 9.02277
0.74 0.84 1 6.09829
2.96 3.44 0 9.02277
0.74 0.86 1 6.09829
2.96 3.52 0 9.02277
0.74 0.88 1 6.09829
2.96 3.6 0 9.02277
0.74 0.9 1 6.09829
2.96 3.68 0 9.02277
0.74 0.92 1 6.09829
2.96 3.76 0 9.02277
0.74 0.94 1 6.09829
2.96 3.84 0 9.02277
0.74 0.96 1 6.09829
2.96 3.92 0 9.02277
0.74 0.98 1 6.09829
3.04 0 0 9.07777
0.76 0 1 8.2136
3.04 0.08 0 9.07777
0.76 0.02 1 8.2136
3.04 0.16 0 9.07777
0.76 0.04 1 8.2136
3.04 0.24 0 9.07777
0.76 0.06 1 8.2136
3.04 0.32 0 9.07777
0.76 0.08 1 8.2136
3.04 0.4 0 9.07777
0.76 0.1 1 8.2136
3.04 0.48 0 9.07777
0.76 0.12 1 8.2136
3.04 0.56 0 9.07777
0.76 0.14 1 8.2136
3.04 0.64 0 9.07777
0.76 0.16 1 8.2136
3.04 0.72 0 9.07777
0.76 0.18 1 8.2136
3.04 0.8 0 9.07777
0.76 0.2 1 8.2136
3.04 0.88 0 9.07777
0.76 0.22 1 8.2136
3.04 0.96 0 9.07777
0.76 0.24 1 8.2136
3.04 1.04 0 8.87457
0.76 0.26 1 5.73123
3.04 1.12 0 8.87457
0.76 0.28 1 5.73123
3.04 1.2 0 8.87457
0.76 0.3 1 5.73123
3.04 1.28 0 8.87457
0.76 0.32 1 5.73123
3.04 1.36 0 8.87457
0.76 0.34 1 5.73123
3.04 1.44 0 8.87457
0.76 0.36 1 5.73123
3.04 1.52 0 8.87457
0.76 0.38 1 5.73123
3.04 1.6 0 8.87457
0.76 0.4 1 5.73123
3.04 1.68 0 8.87457
0.76 0.42 1 5.73123
3.04 1.76 0 8.87457
0.76 0.44 1 5.73123
3.04 1.84 0 8.87457
0.76 0.46 1 5.73123
3.04 1.92 0 8.87457
0.76 0.48 1 5.73123
3.04 2 0 9.02277
0.76 0.5 1 6.09829
3.04 2.08 0 9.02277
0.76 0.52 1 6.09829
3.04 2.16 0 9.02277
0.76 0.54 1 6.09829
3.04 2.24 0 9.02277
0.76 0.56 1 6.09829
3.04 2.32 0 9.02277
0.76 0.58 1 6.09829
3.04 2.4 0 9.02277
0.76 0.6 1 6.09829
3.04 2.48 0 9.02277
0.76 0.62 1 6.09829
3.04 2.56 0 9.02277
0.76 0.64 1 6.09829
3.04 2.64 0 9.02277
0.76 0.66 1 6.09829
3.04 2.72 0 9.02277
0.76 0.68 1 6.09829
3.04 2.8 0 9.02277
0.76 0.7 1 6.09829
3.04 2.88 0 9.02277
0.76 0.72 1 6.09829
3.04 2.96 0 9.02277
0.76 0.74 1 6.09829
3.04 3.04 0 9.09363
0.76 0.76 1 9.51815
3.04 3.12 0 9.09363
0.76 0.78 1 9.51815
3.04 3.2 0 9.09363
0.76 0.8 1 9.51815
3.04 3.28 0 9.09363
0.76 0.82 1 9.51815
3.04 3.36 0 9.09363
0.76 0.84 1 9.51815
3.04 3.44 0 9.09363
0.76 0.86 1 9.51815
3.04 3.52 0 9.09363
0.76 0.88 1 9.51815
3.04 3.6 0 9.09363
0.76 0.9 1 9.51815
3.04 3.68 0 9.09363
0.76 0.92 1 9.51815
3.04 3.76 0 9.09363
0.76 0.94 1 9.51815
3.04 3.84 0 9.09363
0.76 0.96 1 9.51815
3.04 3.92 0 9.09363
0.76 0.98 1 9.51815
3.12 0 0 9.07777
0.78 0 1 8.2136
3.12 0.08 0 9.07777
0.78 0.02 1 8.2136
3.12 0.16 0 9.07777
0.78 0.04 1 8.2136
3.12 0.24 0 9.07777
0.78 0.06 1 8.2136
3.12 0.32 0 9.07777
0.78 0.08 1 8.2136
3.12 0.4 0 9.07777
0.78 0.1 1 8.2136
3.12 0.48 0 9.07777
0.78 0.12 1 8.2136
3.12 0.56 0 9.07777
0.78 0.14 1 8.2136
3.12 0.64 0 9.07777
0.78 0.16 1 8.2136
3.12 0.72 0 9.07777
0.78 0.18 1 8.2136
3.12 0.8 0 9.07777
0.78 0.2 1 8.2136
3.12 0.88 0 9.07777
0.78 0.22 1 8.2136
3.12 0.96 0 9.07777
0.78 0.24 1 8.2136
3.12 1.04 0 8.87457
0.78 0.26 1 5.73123
3.12 1.12 0 8.87457
0.78 0.28 1 5.73123
3.12 1.2 0 8.87457
0.78 0.3 1 5.73123
3.12 1.28 0 8.87457
0.78 0.32 1 5.73123
3.12 1.36 0 8.87457
0.78 0.34 1 5.73123
3.12 1.44 0 8.87457
0.78 0.36 1 5.73123
3.12 1.52 0 8.87457
0.78 0.38 1 5.73123
3.12 1.6 0 8.87457
0.78 0.4 1 5.73123
3.12 1.68 0 8.87457
0.78 0.42 1 5.73123
3.12 1.76 0 8.87457
0.78 0.44 1 5.73123
3.12 1.84 0 8.87457
0.78 0.46 1 5.73123
3.12 1.92 0 8.87457
0.78 0.48 1 5.73123
3.12 2 0 9.02277
0.78 0.5 1 6.09829
3.12 2.08 0 9.02277
0.78 0.52 1 6.09829
3.12 2.16 0 9.02277
0.78 0.54 1 6.09829
3.12 2.24 0 9.02277
0.78 0.56 1 6.09829
3.12 2.32 0 9.02277
0.78 0.58 1 6.09829
3.12 2.4 0 9.02277
0.78 0.6 1 6.09829
3.12 2.48 0 9.02277
0.78 0.62 1 6.09829
3.12 2.56 0 9.02277
0.78 0.64 1 6.09829
3.12 2.64 0 9.02277
0.78 0.66 1 6.09829
3.12 2.72 0 9.02277
0.78 0.68 1 6.09829
3.12 2.8 0 9.02277
0.78 0.7 1 6.09829
3.12 2.88 0 9.02277
0.78 0.72 1 6.09829
3.12 2.96 0 9.02277
0.78 0.74 1 6.09829
3.12 3.04 0 9.09363
0.78 0.76 1 9.51815
3.12 3.12 0 9.09363
0.78 0.78 1 9.51815
3.12 3.2 0 9.09363
0.78 0.8 1 9.51815
3.12 3.28 0 9.09363
0.78 0.82 1 9.51815
3.12 3.36 0 9.09363
0.78 0.84 1 9.51815
3.12 3.44 0 9.09363
0.78 0.86 1 9.51815
3.12 3.52 0 9.09363
0.78 0.88 1 9.51815
3.12 3.6 0 9.09363
0.78 0.9 1 9.51815
3.12 3.68 0 9.09363
0.78 0.92 1 9.51815
3.12 3.76 0 9.09363
0.78 0.94 1 9.51815
3.12 3.84 0 9.09363
0.78 0.96 1 9.51815
3.12 3.92 0 9.09363
0.78 0.98 1 9.51815
3.2 0 0 9.07777
0.8 0 1 8.2136
3.2 0.08 0 9.07777
0.8 0.02 1 8.2136
3.2 0.16 0 9.07777
0.8 0.04 1 8.2136
3.2 0.24 0 9.07777
0.8 0.06 1 8.2136
3.2 0.32 0 9.07777
0.8 0.08 1 8.2136
3.2 0.4 0 9.07777
0.8 0.1 1 8.2136
3.2 0.48 0 9.07777
0.8 0.12 1 8.2136
3.2 0.56 0 9.07777
0.8 0.14 1 8.2136
3.2 0.64 0 9.07777
0.8 0.16 1 8.2136
3.2 0.72 0 9.07777
0.8 0.18 1 8.2136
3.2 0.8 0 9.07777
0.8 0.2 1 8.2136
3.2 0.88 0 9.07777
0.8 0.22 1 8.2136
3.2 0.96 0 9.07777
0.8 0.24 1 8.2136
3.2 1.04 0 8.87457
0.8 0.26 1 5.73123
3.2 1.12 0 8.87457
0.8 0.28 1 5.73123
3.2 1.2 0 8.87457
0.8 0.3 1 5.73123
3.2 1.28 0 8.87457
0.8 0.32 1 5.73123
3.2 1.36 0 8.87457
0.8 0.34 1 5.73123
3.2 1.44 0 8.87457
0.8 0.36 1 5.73123
3.2 1.52 0 8.87457
0.8 0.38 1 5.73123
3.2 1.6 0 8.87457
0.8 0.4 1 5.73123
3.2 1.68 0 8.87457
0.8 0.42 1 5.73123
3.2 1.76 0 8.87457
0.8 0.44 1 5.73123
3.2 1.84 0 8.87457
0.8 0.46 1 5.73123
3.2 1.92 0 8.87457
0.8 0.48 1 5.73123
3.2 2 0 9.02277
0.8 0.5 1 6.09829
3.2 2.08 0 9.02277
0.8 0.52 1 6.09829
3.2 2.16 0 9.02277
0.8 0.54 1 6.09829
3.2 2.24 0 9.02277
0.8 0.56 1 6.09829
3.2 2.32 0 9.02277
0.8 0.58 1 6.09829
3.2 2.4 0 9.02277
0.8 0.6 1 6.09829
3.2 2.48 0 9.02277
0.8 0.62 1 6.09829
3.2 2.56 0 9.02277
0.8 0.64 1 6.09829
3.2 2.64 0 9.02277
0.8 0.66 1 6.09829
3.2 2.72 0 9.02277
0.8 0.68 1 6.09829
3.2 2.8 0 9.02277
0.8 0.7 1 6.09829
3.2 2.88 0 9.02277
0.8 0.72 1 6.09829
3.2 2.96 0 9.02277
0.8 0.74 1 6.09829
3.2 3.04 0 9.09363
0.8 0.76 1 9.51815
3.2 3.12 0 9.09363
0.8 0.78 1 9.51815
3.2 3.2 0 9.09363
0.8 0.8 1 9.51815
3.2 3.28 0 9.09363
0.8 0.82 1 9.51815
3.2 3.36 0 9.09363
0.8 0.84 1 9.51815
3.2 3.44 0 9.09363
0.8 0.86 1 9.51815
3.2 3.52 0 9.09363
0.8 0.88 1 9.51815
3.2 3.6 0 9.09363
0.8 0.9 1 9.51815
3.2 3.68 0 9.09363
0.8 0.92 1 9.51815
3.2 3.76 0 9.09363
0.8 0.94 1 9.51815
3.2 3.84 0 9.09363
0.8 0.96 1 9.51815
3.2 3.92 0 9.09363
0.8 0.98 1 9.51815
3.28 0 0 9.07777
0.82 0 1 8.2136
3.28 0.08 0 9.07777
0.82 0.02 1 8.2136
3.28 0.16 0 9.07777
0.82 0.04 1 8.2136
3.28 0.24 0 9.07777
0.82 0.06 1 8.2136
3.28 0.32 0 9.07777
0.82 0.08 1 8.2136
3.28 0.4 0 9.07777
0.82 0.1 1 8.2136
3.28 0.48 0 9.07777
0.82 0.12 1 8.2136
3.28 0.56 0 9.07777
0.82 0.14 1 8.2136
3.28 0.64 0 9.07777
0.82 0.16 1 8.2136
3.28 0.72 0 9.07777
0.82 0.18 1 8.2136
3.28 0.8 0 9.07777
0.82 0.2 1 8.2136
3.28 0.88 0 9.07777
0.82 0.22 1 8.2136
3.28 0.96 0 9.07777
0.82 0.24 1 8.2136
3.28 1.04 0 8.87457
0.82 0.26 1 5.73123
3.28 1.12 0 8.87457
0.82 0.28 1 5.73123
3.28 1.2 0 8.87457
0.82 0.3 1 5.73123
3.28 1.28 0 8.87457
0.82 0.32 1 5.73123
3.28 1.36 0 8.87457
0.82 0.34 1 5.73123
3.28 1.44 0 8.87457
0.82 0.36 1 5.73123
3.28 1.52 0 8.87457
0.82 0.38 1 5.73123
3.28 1.6 0 8.87457
0.82 0.4 1 5.73123
3.28 1.68 0 8.87457
0.82 0.42 1 5.73123
3.28 1.76 0 8.87457
0.82 0.44 1 5.73123
3.28 1.84 0 8.87457
0.82 0.46 1 5.73123
3.28 1.92 0 8.87457
0.82 0.48 1 5.73123
3.28 2 0 9.02277
0.82 0.5 1 6.09829
3.28 2.08 0 9.02277
0.82 0.52 1 6.09829
3.28 2.16 0 9.02277
0.82 0.54 1 6.09829
3.28 2.24 0 9.02277
0.82 0.56 1 6.09829
3.28 2.32 0 9.02277
0.82 0.58 1 6.09829
3.28 2.4 0 9.02277
0.82 0.6 1 6.09829
3.28 2.48 0 9.02277
0.82 0.62 1 6.09829
3.28 2.56 0 9.02277
0.82 0.64 1 6.09829
3.28 2.64 0 9.02277
0.82 0.66 1 6.09829
3.28 2.72 0 9.02277
0.82 0.68 1 6.09829
3.28 2.8 0 9.02277
0.82 0.7 1 6.09829
3.28 2.88 0 9.02277
0.82 0.72 1 6.09829
3.28 2.96 0 9.02277
0.82 0.74 1 6.09829
3.28 3.04 0 9.09363
0.82 0.76 1 9.51815
3.28 3.12 0 9.09363
0.82 0.78 1 9.51815
3.28 3.2 0 9.09363
0.82 0.8 1 9.51815
3.28 3.28 0 9.09363
0.82 0.82 1 9.51815
3.28 3.36 0 9.09363
0.82 0.84 1 9.51815
3.28 3.44 0 9.09363
0.82 0.86 1 9.51815
3.28 3.52 0 9.09363
0.82 0.88 1 9.51815
3.28 3.6 0 9.09363
0.82 0.9 1 9.51815
3.28 3.68 0 9.09363
0.82 0.92 1 9.51815
3.28 3.76 0 9.09363
0.82 0.94 1 9.51815
3.28 3.84 0 9.09363
0.82 0.96 1 9.51815
3.28 3.92 0 9.09363
0.82 0.98 1 9.51815
3.36 0 0 9.07777
0.84 0 1 8.2136
3.36 0.08 0 9.07777
0.84 0.02 1 8.2136
3.36 0.16 0 9.07777
0.84 0.04 1 8.2136
3.36 0.24 0 9.07777
0.84 0.06 1 8.2136
3.36 0.32 0 9.07777
0.84 0.08 1 8.2136
3.36 0.4 0 9.07777
0.84 0.1 1 8.2136
3.36 0.48 0 9.07777
0.84 0.12 1 8.2136
3.36 0.56 0 9.07777
0.84 0.14 1 8.2136
3.36 0.64 0 9.07777
0.84 0.16 1 8.2136
3.36 0.72 0 9.07777
0.84 0.18 1 8.2136
3.36 0.8 0 9.07777
0.84 0.2 1 8.2136
3.36 0.88 0 9.07777
0.84 0.22 1 8.2136
3.36 0.96 0 9.07777
0.84 0.24 1 8.2136
3.36 1.04 0 8.87457
0.84 0.26 1 5.73123
3.36 1.12 0 8.87457
0.84 0.28 1 5.73123
3.36 1.2 0 8.87457
0.84 0.3 1 5.73123
3.36 1.28 0 8.87457
0.84 0.32 1 5.73123
3.36 1.36 0 8.87457
0.84 0.34 1 5.73123
3.36 1.44 0 8.87457
0.84 0.36 1 5.73123
3.36 1.52 0 8.87457
0.84 0.38 1 5.73123
3.36 1.6 0 8.87457
0.84 0.4 1 5.73123
3.36 1.68 0 8.87457
0.84 0.42 1 5.73123
3.36 1.76 0 8.87457
0.84 0.44 1 5.73123
3.36 1.84 0 8.87457
0.84 0.46 1 5.73123
3.36 1.92 0 8.87457
0.84 0.48 1 5.73123
3.36 2 0 9.02277
0.84 0.5 1 6.09829
3.36 2.08 0 9.02277
0.84 0.52 1 6.09829
3.36 2.16 0 9.02277
0.84 0.54 1 6.09829
3.36 2.24 0 9.02277
0.84 0.56 1 6.09829
3.36 2.32 0 9.02277
0.84 0.58 1 6.09829
3.36 2.4 0 9.02277
0.84 0.6 1 6.09829
3.36 2.48 0 9.02277
0.84 0.62 1 6.09829
3.36 2.56 0 9.02277
0.84 0.64 1 6.09829
3.36 2.64 0 9.02277
0.84 0.66 1 6.09829
3.36 2.72 0 9.02277
0.84 0.68 1 6.09829
3.36 2.8 0 9.02277
0.84 0.7 1 6.09829
3.36 2.88 0 9.02277
0.84 0.72 1 6.09829
3.36 2.96 0 9.02277
0.84 0.74 1 6.09829
3.36 3.04 0 9.09363
0.84 0.76 1 9.51815
3.36 3.12 0 9.09363
0.84 0.78 1 9.51815
3.36 3.2 0 9.09363
0.84 0.8 1 9.51815
3.36 3.28 0 9.09363
0.84 0.82 1 9.51815
3.36 3.36 0 9.09363
0.84 0.84 1 9.51815
3.36 3.44 0 9.09363
0.84 0.86 1 9.51815
3.36 3.52 0 9.09363
0.84 0.88 1 9.51815
3.36 3.6 0 9.09363
0.84 0.9 1 9.51815
3.36 3.68 0 9.09363
0.84 0.92 1 9.51815
3.36 3.76 0 9.09363
0.84 0.94 1 9.51815
3.36 3.84 0 9.09363
0.84 0.96 1 9.51815
3.36 3.92 0 9.09363
0.84 0.98 1 9.51815
3.44 0 0 9.07777
0.86 0 1 8.2136
3.44 0.08 0 9.07777
0.86 0.02 1 8.2136
3.44 0.16 0 9.07777
0.86 0.04 1 8.2136
3.44 0.24 0 9.07777
0.86 0.06 1 8.2136
3.44 0.32 0 9.07777
0.86 0.08 1 8.2136
3.44 0.4 0 9.07777
0.86 0.1 1 8.2136
3.44 0.48 0 9.07777
0.86 0.12 1 8.2136
3.44 0.56 0 9.07777
0.86 0.14 1 8.2136
3.44 0.64 0 9.07777
0.86 0.16 1 8.2136
3.44 0.72 0 9.07777
0.86 0.18 1 8.2136
3.44 0.8 0 9.07777
0.86 0.2 1 8.2136
3.44 0.88 0 9.07777
0.86 0.22 1 8.2136
3.44 0.96 0 9.07777
0.86 0.24 1 8.2136
3.44 1.04 0 8.87457
0.86 0.26 1 5.73123
3.44 1.12 0 8.87457
0.86 0.28 1 5.73123
3.44 1.2 0 8.87457
0.86 0.3 1 5.73123
3.44 1.28 0 8.87457
0.86 0.32 1 5.73123
3.44 1.36 0 8.87457
0.86 0.34 1 5.73123
3.44 1.44 0 8.87457
0.86 0.36 1 5.73123
3.44 1.52 0 8.87457
0.86 0.38 1 5.73123
3.44 1.6 0 8.87457
0.86 0.4 1 5.73123
3.44 1.68 0 8.87457
0.86 0.42 1 5.73123
3.44 1.76 0 8.87457
0.86 0.44 1 5.73123
3.44 1.84 0 8.87457
0.86 0.46 1 5.73123
3.44 1.92 0 8.87457
0.86 0.48 1 5.73123
3.44 2 0 9.02277
0.86 0.5 1 6.09829
3.44 2.08 0 9.02277
0.86 0.52 1 6.09829
3.44 2.16 0 9.02277
0.86 0.54 1 6.09829
3.44 2.24 0 9.02277
0.86 0.56 1 6.09829
3.44 2.32 0 9.02277
0.86 0.58 1 6.09829
3.44 2.4 0 9.02277
0.86 0.6 1 6.09829
3.44 2.48 0 9.02277
0.86 0.62 1 6.09829
3.44 2.56 0 9.02277
0.86 0.64 1 6.09829
3.44 2.64 0 9.02277
0.86 0.66 1 6.09829
3.44 2.72 0 9.02277
0.86 0.68 1 6.09829
3.44 2.8 0 9.02277
0.86 0.7 1 6.09829
3.44 2.88 0 9.02277
0.86 0.72 1 6.09829
3.44 2.96 0 9.02277
0.86 0.74 1 6.09829
3.44 3.04 0 9.09363
0.86 0.76 1 9.51815
3.44 3.12 0 9.09363
0.86 0.78 1 9.51815
3.44 3.2 0 9.09363
0.86 0.8 1 9.51815
3.44 3.28 0 9.09363
0.86 0.82 1 9.51815
3.44 3.36 0 9.09363
0.86 0.84 1 9.51815
3.44 3.44 0 9.09363
0.86 0.86 1 9.51815
3.44 3.52 0 9.09363
0.86 0.88 1 9.51815
3.44 3.6 0 9.09363
0.86 0.9 1 9.51815
3.44 3.68 0 9.09363
0.86 0.92 1 9.51815
3.44 3.76 0 9.09363
0.86 0.94 1 9.51815
3.44 3.84 0 9.09363
0.86 0.96 1 9.51815
3.44 3.92 0 9.09363
0.86 0.98 1 9.51815
3.52 0 0 9.07777
0.88 0 1 8.2136
3.52 0.08 0 9.07777
0.88 0.02 1 8.2136
3.52 0.16 0 9.07777
0.88 0.04 1 8.2136
3.52 0.24 0 9.07777
0.88 0.06 1 8.2136
3.52 0.32 0 9.07777
0.88 0.08 1 8.2136
3.52 0.4 0 9.07777
0.88 0.1 1 8.2136
3.52 0.48 0 9.07777
0.88 0.12 1 8.2136
3.52 0.56 0 9.07777
0.88 0.14 1 8.2136
3.52 0.64 0 9.07777
0.88 0.16 1 8.2136
3.52 0.72 0 9.07777
0.88 0.18 1 8.2136
3.52 0.8 0 9.07777
0.88 0.2 1 8.2136
3.52 0.88 0 9.07777
0.88 0.22 1 8.2136
3.52 0.96 0 9.07777
0.88 0.24 1 8.2136
3.52 1.04 0 8.87457
0.88 0.26 1 5.73123
3.52 1.12 0 8.87457
0.88 0.28 1 5.73123
3.52 1.2 0 8.87457
0.88 0.3 1 5.73123
3.52 1.28 0 8.87457
0.88 0.32 1 5.73123
3.52 1.36 0 8.87457
0.88 0.34 1 5.73123
3.52 1.44 0 8.87457
0.88 0.36 1 5.73123
3.52 1.52 0 8.87457
0.88 0.38 1 5.73123
3.52 1.6 0 8.87457
0.88 0.4 1 5.73123
3.52 1.68 0 8.87457
0.88 0.42 1 5.73123
3.52 1.76 0 8.87457
0.88 0.44 1 5.73123
3.52 1.84 0 8.87457
0.88 0.46 1 5.73123
3.52 1.92 0 8.87457
0.88 0.48 1 5.73123
3.52 2 0 9.02277
0.88 0.5 1 6.09829
3.52 2.08 0 9.02277
0.88 0.52 1 6.09829
3.52 2.16 0 9.02277
0.88 0.54 1 6.09829
3.52 2.24 0 9.02277
0.88 0.56 1 6.09829
3.52 2.32 0 9.02277
0.88 0.58 1 6.09829
3.52 2.4 0 9.02277
0.88 0.6 1 6.09829
3.52 2.48 0 9.02277
0.88 0.62 1 6.09829
3.52 2.56 0 9.02277
0.88 0.64 1 6.09829
3.52 2.64 0 9.02277
0.88 0.66 1 6.09829
3.52 2.72 0 9.02277
0.88 0.68 1 6.09829
3.52 2.8 0 9.02277
0.88 0.7 1 6.09829
3.52 2.88 0 9.02277
0.88 0.72 1 6.09829
3.52 2.96 0 9.02277
0.88 0.74 1 6.09829
3.52 3.04 0 9.09363
0.88 0.76 1 9.51815
3.52 3.12 0 9.09363
0.88 0.78 1 9.51815
3.52 3.2 0 9.09363
0.88 0.8 1 9.51815
3.52 3.28 0 9.09363
0.88 0.82 1 9.51815
3.52 3.36 0 9.09363
0.88 0.84 1 9.51815
3.52 3.44 0 9.09363
0.88 0.86 1 9.51815
3.52 3.52 0 9.09363
0.88 0.88 1 9.51815
3.52 3.6 0 9.09363
0.88 0.9 1 9.51815
3.52 3.68 0 9.09363
0.88 0.92 1 9.51815
3.52 3.76 0 9.09363
0.88 0.94 1 9.51815
3.52 3.84 0 9.09363
0.88 0.96 1 9.51815
3.52 3.92 0 9.09363
0.88 0.98 1 9.51815
3.6 0 0 9.07777
0.9 0 1 8.2136
3.6 0.08 0 9.07777
0.9 0.02 1 8.2136
3.6 0.16 0 9.07777
0.9 0.04 1 8.2136
3.6 0.24 0 9.07777
0.9 0.06 1 8.2136
3.6 0.32 0 9.07777
0.9 0.08 1 8.2136
3.6 0.4 0 9.07777
0.9 0.1 1 8.2136
3.6 0.48 0 9.07777
0.9 0.12 1 8.2136
3.6 0.56 0 9.07777
0.9 0.14 1 8.2136
3.6 0.64 0 9.07777
0.9 0.16 1 8.2136
3.6 0.72 0 9.07777
0.9 0.18 1 8.2136
3.6 0.8 0 9.07777
0.9 0.2 1 8.2136
3.6 0.88 0 9.07777
0.9 0.22 1 8.2136
3.6 0.96 0 9.07777
0.9 0.24 1 8.2136
3.6 1.04 0 8.87457
0.9 0.26 1 5.73123
3.6 1.12 0 8.87457
0.9 0.28 1 5.73123
3.6 1.2 0 8.87457
0.9 0.3 1 5.73123
3.6 1.28 0 8.87457
0.9 0.32 1 5.73123
3.6 1.36 0 8.87457
0.9 0.34 1 5.73123
3.6 1.44 0 8.87457
0.9 0.36 1 5.73123
3.6 1.52 0 8.87457
0.9 0.38 1 5.73123
3.6 1.6 0 8.87457
0.9 0.4 1 5.73123
3.6 1.68 0 8.87457
0.9 0.42 1 5.73123
3.6 1.76 0 8.87457
0.9 0.44 1 5.73123
3.6 1.84 0 8.87457
0.9 0.46 1 5.73123
3.6 1.92 0 8.87457
0.9 0.48 1 5.73123
3.6 2 0 9.02277
0.9 0.5 1 6.09829
3.6 2.08 0 9.02277
0.9 0.52 1 6.09829
3.6 2.16 0 9.02277
0.9 0.54 1 6.09829
3.6 2.24 0 9.02277
0.9 0.56 1 6.09829
3.6 2.32 0 9.02277
0.9 0.58 1 6.09829
3.6 2.4 0 9.02277
0.9 0.6 1 6.09829
3.6 2.48 0 9.02277
0.9 0.62 1 6.09829
3.6 2.56 0 9.02277
0.9 0.64 1 6.09829
3.6 2.64 0 9.02277
0.9 0.66 1 6.09829
3.6 2.72 0 9.02277
0.9 0.68 1 6.09829
3.6 2.8 0 9.02277
0.9 0.7 1 6.09829
3.6 2.88 0 9.02277
0.9 0.72 1 6.09829
3.6 2.96 0 9.02277
0.9 0.74 1 6.09829
3.6 3.04 0 9.09363
0.9 0.76 1 9.51815
3.6 3.12 0 9.09363
0.9 0.78 1 9.51815
3.6 3.2 0 9.09363
0.9 0.8 1 9.51815
3.6 3.28 0 9.09363
0.9 0.82 1 9.51815
3.6 3.36 0 9.09363
0.9 0.84 1 9.51815
3.6 3.44 0 9.09363
0.9 0.86 1 9.51815
3.6 3.52 0 9.09363
0.9 0.88 1 9.51815
3.6 3.6 0 9.09363
0.9 0.9 1 9.51815
3.6 3.68 0 9.09363
0.9 0.92 1 9.51815
3.6 3.76 0 9.09363
0.9 0.94 1 9.51815
3.6 3.84 0 9.09363
0.9 0.96 1 9.51815
3.6 3.92 0 9.09363
0.9 0.98 1 9.51815
3.68 0 0 9.07777
0.92 0 1 8.2136
3.68 0.08 0 9.07777
0.92 0.02 1 8.2136
3.68 0.16 0 9.07777
0.92 0.04 1 8.2136
3.68 0.24 0 9.07777
0.92 0.06 1 8.2136
3.68 0.32 0 9.07777
0.92 0.08 1 8.2136
3.68 0.4 0 9.07777
0.92 0.1 1 8.2136
3.68 0.48 0 9.07777
0.92 0.12 1 8.2136
3.68 0.56 0 9.07777
0.92 0.14 1 8.2136
3.68 0.64 0 9.07777
0.92 0.16 1 8.2136
3.68 0.72 0 9.07777
0.92 0.18 1 8.2136
3.68 0.8 0 9.07777
0.92 0.2 1 8.2136
3.68 0.88 0 9.07777
0.92 0.22 1 8.2136
3.68 0.96 0 9.07777
0.92 0.24 1 8.2136
3.68 1.04 0 8.87457
0.92 0.26 1 5.73123
3.68 1.12 0 8.87457
0.92 0.28 1 5.73123
3.68 1.2 0 8.87457
0.92 0.3 1 5.73123
3.68 1.28 0 8.87457
0.92 0.32 1 5.73123
3.68 1.36 0 8.87457
0.92 0.34 1 5.73123
3.68 1.44 0 8.87457
0.92 0.36 1 5.73123
3.68 1.52 0 8.87457
0.92 0.38 1 5.73123
3.68 1.6 0 8.87457
0.92 0.4 1 5.73123
3.68 1.68 0 8.87457
0.92 0.42 1 5.73123
3.68 1.76 0 8.87457
0.92 0.44 1 5.73123
3.68 1.84 0 8.87457
0.92 0.46 1 5.73123
3.68 1.92 0 8.87457
0.92 0.48 1 5.73123
3.68 2 0 9.02277
0.92 0.5 1 6.09829
3.68 2.08 0 9.02277
0.92 0.52 1 6.09829
3.68 2.16 0 9.02277
0.92 0.54 1 6.09829
3.68 2.24 0 9.02277
0.92 0.56 1 6.09829
3.68 2.32 0 9.02277
0.92 0.58 1 6.09829
3.68 2.4 0 9.02277
0.92 0.6 1 6.09829
3.68 2.48 0 9.02277
0.92 0.62 1 6.09829
3.68 2.56 0 9.02277
0.92 0.64 1 6.09829
3.68 2.64 0 9.02277
0.92 0.66 1 6.09829
3.68 2.72 0 9.02277
0.92 0.68 1 6.09829
3.68 2.8 0 9.02277
0.92 0.7 1 6.09829
3.68 2.88 0 9.02277
0.92 0.72 1 6.09829
3.68 2.96 0 9.02277
0.92 0.74 1 6.09829
3.68 3.04 0 9.09363
0.92 0.76 1 9.51815
3.68 3.12 0 9.09363
0.92 0.78 1 9.51815
3.68 3.2 0 9.09363
0.92 0.8 1 9.51815
3.68 3.28 0 9.09363
0.92 0.82 1 9.51815
3.68 3.36 0 9.09363
0.92 0.84 1 9.51815
3.68 3.44 0 9.09363
0.92 0.86 1 9.51815
3.68 3.52 0 9.09363
0.92 0.88 1 9.51815
3.68 3.6 0 9.09363
0.92 0.9 1 9.51815
3.68 3.68 0 9.09363
0.92 0.92 1 9.51815
3.68 3.76 0 9.09363
0.92 0.94 1 9.51815
3.68 3.84 0 9.09363
0.92 0.96 1 9.51815
3.68 3.92 0 9.09363
0.92 0.98 1 9.51815
3.76 0 0 9.07777
0.94 0 1 8.2136
3.76 0.08 0 9.07777
0.94 0.02 1 8.2136
3.76 0.16 0 9.07777
0.94 0.04 1 8.2136
3.76 0.24 0 9.07777
0.94 0.06 1 8.2136
3.76 0.32 0 9.07777
0.94 0.08 1 8.2136
3.76 0.4 0 9.07777
0.94 0.1 1 8.2136
3.76 0.48 0 9.07777
0.94 0.12 1 8.2136
3.76 0.56 0 9.07777
0.94 0.14 1 8.2136
3.76 0.64 0 9.07777
0.94 0.16 1 8.2136
3.76 0.72 0 9.07777
0.94 0.18 1 8.2136
3.76 0.8 0 9.07777
0.94 0.2 1 8.2136
3.76 0.88 0 9.07777
0.94 0.22 1 8.2136
3.76 0.96 0 9.07777
0.94 0.24 1 8.2136
3.76 1.04 0 8.87457
0.94 0.26 1 5.73123
3.76 1.12 0 8.87457
0.94 0.28 1 5.73123
3.76 1.2 0 8.87457
0.94 0.3 1 5.73123
3.76 1.28 0 8.87457
0.94 0.32 1 5.73123
3.76 1.36 0 8.87457
0.94 0.34 1 5.73123
3.76 1.44 0 8.87457
0.94 0.36 1 5.73123
3.76 1.52 0 8.87457
0.94 0.38 1 5.73123
3.76 1.6 0 8.87457
0.94 0.4 1 5.73123
3.76 1.68 0 8.87457
0.94 0.42 1 5.73123
3.76 1.76 0 8.87457
0.94 0.44 1 5.73123
3.76 1.84 0 8.87457
0.94 0.46 1 5.73123
3.76 1.92 0 8.87457
0.94 0.48 1 5.73123
3.76 2 0 9.02277
0.94 0.5 1 6.09829
3.76 2.08 0 9.02277
0.94 0.52 1 6.09829
3.76 2.16 0 9.02277
0.94 0.54 1 6.09829
3.76 2.24 0 9.02277
0.94 0.56 1 6.09829
3.76 2.32 0 9.02277
0.94 0.58 1 6.09829
3.76 2.4 0 9.02277
0.94 0.6 1 6.09829
3.76 2.48 0 9.02277
0.94 0.62 1 6.09829
3.76 2.56 0 9.02277
0.94 0.64 1 6.09829
3.76 2.64 0 9.02277
0.94 0.66 1 6.09829
3.76 2.72 0 9.02277
0.94 0.68 1 6.09829
3.76 2.8 0 9.02277
0.94 0.7 1 6.09829
3.76 2.88 0 9.02277
0.94 0.72 1 6.09829
3.76 2.96 0 9.02277
0.94 0.74 1 6.09829
3.76 3.04 0 9.09363
0.94 0.76 1 9.51815
3.76 3.12 0 9.09363
0.94 0.78 1 9.51815
3.76 3.2 0 9.09363
0.94 0.8 1 9.51815
3.76 3.28 0 9.09363
0.94 0.82 1 9.51815
3.76 3.36 0 9.09363
0.94 0.84 1 9.51815
3.76 3.44 0 9.09363
0.94 0.86 1 9.51815
3.76 3.52 0 9.09363
0.94 0.88 1 9.51815
3.76 3.6 0 9.09363
0.94 0.9 1 9.51815
3.76 3.68 0 9.09363
0.94 0.92 1 9.51815
3.76 3.76 0 9.09363
0.94 0.94 1 9.51815
3.76 3.84 0 9.09363
0.94 0.96 1 9.51815
3.76 3.92 0 9.09363
0.94 0.98 1 9.51815
3.84 0 0 9.07777
0.96 0 1 8.2136
3.84 0.08 0 9.07777
0.96 0.02 1 8.2136
3.84 0.16 0 9.07777
0.96 0.04 1 8.2136
3.84 0.24 0 9.07777
0.96 0.06 1 8.2136
3.84 0.32 0 9.07777
0.96 0.08 1 8.2136
3.84 0.4 0 9.07777
0.96 0.1 1 8.2136
3.84 0.48 0 9.07777
0.96 0.12 1 8.2136
3.84 0.56 0 9.07777
0.96 0.14 1 8.2136
3.84 0.64 0 9.07777
0.96 0.16 1 8.2136
3.84 0.72 0 9.07777
0.96 0.18 1 8.2136
3.84 0.8 0 9.07777
0.96 0.2 1 8.2136
3.84 0.88 0 9.07777
0.96 0.22 1 8.2136
3.84 0.96 0 9.07777
0.96 0.24 1 8.2136
3.84 1.04 0 8.87457
0.96 0.26 1 5.73123
3.84 1.12 0 8.87457
0.96 0.28 1 5.73123
3.84 1.2 0 8.87457
0.96 0.3 1 5.73123
3.84 1.28 0 8.87457
0.96 0.32 1 5.73123
3.84 1.36 0 8.87457
0.96 0.34 1 5.73123
3.84 1.44 0 8.87457
0.96 0.36 1 5.73123
3.84 1.52 0 8.87457
0.96 0.38 1 5.73123
3.84 1.6 0 8.87457
0.96 0.4 1 5.73123
3.84 1.68 0 8.87457
0.96 0.42 1 5.73123
3.84 1.76 0 8.87457
0.96 0.44 1 5.73123
3.84 1.84 0 8.87457
0.96 0.46 1 5.73123
3.84 1.92 0 8.87457
0.96 0.48 1 5.73123
3.84 2 0 9.02277
0.96 0.5 1 6.09829
3.84 2.08 0 9.02277
0.96 0.52 1 6.09829
3.84 2.16 0 9.02277
0.96 0.54 1 6.09829
3.84 2.24 0 9.02277
0.96 0.56 1 6.09829
3.84 2.32 0 9.02277
0.96 0.58 1 6.09829
3.84 2.4 0 9.02277
0.96 0.6 1 6.09829
3.84 2.48 0 9.02277
0.96 0.62 1 6.09829
3.84 2.56 0 9.02277
0.96 0.64 1 6.09829
3.84 2.64 0 9.02277
0.96 0.66 1 6.09829
3.84 2.72 0 9.02277
0.96 0.68 1 6.09829
3.84 2.8 0 9.02277
0.96 0.7 1 6.09829
3.84 2.88 0 9.02277
0.96 0.72 1 6.09829
3.84 2.96 0 9.02277
0.96 0.74 1 6.09829
3.84 3.04 0 9.09363
0.96 0.76 1 9.51815
3.84 3.12 0 9.09363
0.96 0.78 1 9.51815
3.84 3.2 0 9.09363
0.96 0.8 1 9.51815
3.84 3.28 0 9.09363
0.96 0.82 1 9.51815
3.84 3.36 0 9.09363
0.96 0.84 1 9.51815
3.84 3.44 0 9.09363
0.96 0.86 1 9.51815
3.84 3.52 0 9.09363
0.96 0.88 1 9.51815
3.84 3.6 0 9.09363
0.96 0.9 1 9.51815
3.84 3.68 0 9.09363
0.96 0.92 1 9.51815
3.84 3.76 0 9.09363
0.96 0.94 1 9.51815
3.84 3.84 0 9.09363
0.96 0.96 1 9.51815
3.84 3.92 0 9.09363
0.96 0.98 1 9.51815
3.92 0 0 9.07777
0.98 0 1 8.2136
3.92 0.08 0 9.07777
0.98 0.02 1 8.2136
3.92 0.16 0 9.07777
0.98 0.04 1 8.2136
3.92 0.24 0 9.07777
0.98 0.06 1 8.2136
3.92 0.32 0 9.07777
0.98 0.08 1 8.2136
3.92 0.4 0 9.07777
0.98 0.1 1 8.2136
3.92 0.48 0 9.07777
0.98 0.12 1 8.2136
3.92 0.56 0 9.07777
0.98 0.14 1 8.2136
3.92 0.64 0 9.07777
0.98 0.16 1 8.2136
3.92 0.72 0 9.07777
0.98 0.18 1 8.2136
3.92 0.8 0 9.07777
0.98 0.2 1 8.2136
3.92 0.88 0 9.07777
0.98 0.22 1 8.2136
3.92 0.96 0 9.07777
0.98 0.24 1 8.2136
3.92 1.04 0 8.87457
0.98 0.26 1 5.73123
3.92 1.12 0 8.87457
0.98 0.28 1 5.73123
3.92 1.2 0 8.87457
0.98 0.3 1 5.73123
3.92 1.28 0 8.87457
0.98 0.32 1 5.73123
3.92 1.36 0 8.87457
0.98 0.34 1 5.73123
3.92 1.44 0 8.87457
0.98 0.36 1 5.73123
3.92 1.52 0 8.87457
0.98 0.38 1 5.73123
3.92 1.6 0 8.87457
0.98 0.4 1 5.73123
3.92 1.68 0 8.87457
0.98 0.42 1 5.73123
3.92 1.76 0 8.87457
0.98 0.44 1 5.73123
3.92 1.84 0 8.87457
0.98 0.46 1 5.73123
3.92 1.92 0 8.87457
0.98 0.48 1 5.73123
3.92 2 0 9.02277
0.98 0.5 1 6.09829
3.92 2.08 0 9.02277
0.98 0.52 1 6.09829
3.92 2.16 0 9.02277
0.98 0.54 1 6.09829
3.92 2.24 0 9.02277
0.98 0.56 1 6.09829
3.92 2.32 0 9.02277
0.98 0.58 1 6.09829
3.92 2.4 0 9.02277
0.98 0.6 1 6.09829
3.92 2.48 0 9.02277
0.98 0.62 1 6.09829
3.92 2.56 0 9.02277
0.98 0.64 1 6.09829
3.92 2.64 0 9.02277
0.98 0.66 1 6.09829
3.92 2.72 0 9.02277
0.98 0.68 1 6.09829
3.92 2.8 0 9.02277
0.98 0.7 1 6.09829
3.92 2.88 0 9.02277
0.98 0.72 1 6.09829
3.92 2.96 0 9.02277
0.98 0.74 1 6.09829
3.92 3.04 0 9.09363
0.98 0.76 1 9.51815
3.92 3.12 0 9.09363
0.98 0.78 1 9.51815
3.92 3.2 0 9.09363
0.98 0.8 1 9.51815
3.92 3.28 0 9.09363
0.98 0.82 1 9.51815
3.92 3.36 0 9.09363
0.98 0.84 1 9.51815
3.92 3.44 0 9.09363
0.98 0.86 1 9.51815
3.92 3.52 0 9.09363
0.98 0.88 1 9.51815
3.92 3.6 0 9.09363
0.98 0.9 1 9.51815
3.92 3.68 0 9.09363
0.98 0.92 1 9.51815
3.92 3.76 0 9.09363
0.98 0.94 1 9.51815
3.92 3.84 0 9.09363
0.98 0.96 1 9.51815
3.92 3.92 0 9.09363
0.98 0.98 1 9.51815
