0 224 0 -10.6867
224 15 0 11.923
224 30 0 -5.51616
224 45 0 10.4965
224 60 0 -10.2917
224 75 0 15.2448
224 90 0 -17.1259
224 105 0 25.2608
224 120 0 -30.5785
224 135 0 43.2403
224 150 0 -54.0146
224 165 0 74.9
224 180 0 -91.1956
224 195 0 118.503
224 210 0 -83.12
224 1 0 -17.4216
224 16 0 14.4774
224 31 0 -9.74765
224 46 0 13.4
224 61 0 -15.893
224 76 0 20.0685
224 91 0 -25.3634
224 106 0 34.296
224 121 0 -43.9883
224 136 0 59.5418
224 151 0 -77.17
224 166 0 103.727
224 181 0 -131.344
224 196 0 164.854
224 211 0 -131.146
224 2 0 -15.6142
224 17 0 14.0749
224 32 0 -8.29798
224 47 0 11.9298
224 62 0 -13.2805
224 77 0 17.0598
224 92 0 -20.5025
224 107 0 27.7884
224 122 0 -34.4208
224 137 0 46.0549
224 152 0 -57.7203
224 167 0 76.1973
224 182 0 -92.2629
224 197 0 113.002
224 212 0 -75.2089
224 3 0 -12.5168
224 18 0 12.1451
224 33 0 -6.62348
224 48 0 9.74608
224 63 0 -10.6515
224 78 0 13.7647
224 93 0 -16.4402
224 108 0 22.3355
224 123 0 -27.7316
224 138 0 37.2581
224 153 0 -46.9324
224 168 0 62.6297
224 183 0 -76.4082
224 198 0 95.6869
224 213 0 -65.1567
224 4 0 -10.6156
224 19 0 10.8329
224 34 0 -5.62782
224 49 0 8.53499
224 64 0 -9.16695
224 79 0 11.9999
224 94 0 -14.177
224 109 0 19.3884
224 124 0 -23.9065
224 139 0 32.2071
224 154 0 -40.2625
224 169 0 53.765
224 184 0 -64.8029
224 199 0 80.9765
224 214 0 -52.2664
224 5 0 -9.99604
224 20 0 10.2674
224 35 0 -5.34681
224 50 0 8.15415
224 65 0 -8.79149
224 80 0 11.5308
224 95 0 -13.6883
224 110 0 18.7572
224 125 0 -23.226
224 140 0 31.3977
224 155 0 -39.4379
224 170 0 52.9193
224 185 0 -64.2545
224 200 0 80.8561
224 215 0 -54.1486
224 6 0 -9.89857
224 21 0 10.0907
224 36 0 -5.31028
224 51 0 8.08989
224 66 0 -8.74868
224 81 0 11.4753
224 96 0 -13.6452
224 111 0 18.7069
224 126 0 -23.1691
224 141 0 31.3359
224 156 0 -39.3542
224 171 0 52.7843
224 186 0 -64.0756
224 201 0 80.451
224 216 0 -53.9197
224 7 0 -9.86542
224 22 0 10.0058
224 37 0 -5.29834
224 52 0 8.05396
224 67 0 -8.72953
224 82 0 11.4413
224 97 0 -13.6264
224 112 0 18.6763
224 127 0 -23.1561
224 142 0 31.3244
224 157 0 -39.3869
224 172 0 52.8493
224 187 0 -64.2793
224 202 0 80.7644
224 217 0 -54.6209
224 8 0 -9.76398
224 23 0 9.92013
224 38 0 -5.239
224 53 0 7.96984
224 68 0 -8.62569
224 83 0 11.3115
224 98 0 -13.454
224 113 0 18.4428
224 128 0 -22.8443
224 143 0 30.8929
224 158 0 -38.8047
224 173 0 52.032
224 188 0 -63.1841
224 203 0 79.2883
224 218 0 -53.1972
224 9 0 -9.71891
224 24 0 9.89941
224 39 0 -5.20701
224 54 0 7.91605
224 69 0 -8.55834
224 84 0 11.2197
224 99 0 -13.3376
224 114 0 18.2752
224 129 0 -22.6443
224 144 0 30.6128
224 159 0 -38.4821
224 174 0 51.6183
224 189 0 -62.7583
224 204 0 78.8928
224 219 0 -53.1302
224 10 0 -10.022
224 25 0 10.1233
224 40 0 -5.34043
224 55 0 8.08003
224 70 0 -8.71982
224 85 0 11.4186
224 100 0 -13.5304
224 115 0 18.518
224 130 0 -22.8713
224 145 0 30.8446
224 160 0 -38.631
224 175 0 51.6082
224 190 0 -62.3915
224 205 0 77.9108
224 220 0 -51.024
224 11 0 -11.0685
224 26 0 10.7444
224 41 0 -5.90788
224 56 0 8.73518
224 71 0 -9.57286
224 86 0 12.4184
224 101 0 -14.867
224 116 0 20.2562
224 131 0 -25.1975
224 146 0 33.9507
224 161 0 -42.8669
224 176 0 57.3414
224 191 0 -70.2176
224 206 0 88.0858
224 221 0 -61.0099
224 12 0 -12.5461
224 27 0 11.5514
224 42 0 -6.72
224 57 0 9.82438
224 72 0 -10.8726
224 87 0 14.1012
224 102 0 -16.8908
224 117 0 23.0225
224 132 0 -28.4787
224 147 0 38.2544
224 162 0 -47.9108
224 177 0 63.4242
224 192 0 -76.7428
224 207 0 94.12
224 222 0 -62.4459
224 13 0 -12.6893
224 28 0 10.9848
224 43 0 -7.16688
224 58 0 10.0729
224 73 0 -11.8377
224 88 0 15.1267
224 103 0 -19.0519
224 118 0 25.9388
224 133 0 -33.2983
224 148 0 45.3386
224 163 0 -58.9016
224 178 0 79.696
224 193 0 -101.266
224 208 0 128.146
224 223 0 -102.748
224 14 0 -6.7721
224 29 0 8.65398
224 44 0 -3.30619
224 59 0 7.27995
224 74 0 -6.48404
224 89 0 10.2907
224 104 0 -10.8394
224 119 0 16.5985
224 134 0 -19.3365
224 149 0 27.8198
224 164 0 -33.7662
224 179 0 47.2442
224 194 0 -55.7875
224 209 0 72.8314
224 224 0 -45.9178
