0.54030	0.84147	0.00000	2.14149	
0.54030	0.84147	0.00000	2.14149	
0.54030	0.84147	0.00000	2.14149	
0.54030	0.84147	0.00000	2.14149	
0.54030	0.84147	0.00000	2.14149	
0.54030	0.84147	0.00000	2.14149	
0.54030	0.84147	0.00000	2.14149	
0.54030	0.84147	0.00000	11.84527	
0.54030	0.84147	0.00000	11.84527	
0.54030	0.84147	0.00000	11.84527	
0.54030	0.84147	0.00000	11.84527	
0.54030	0.84147	0.00000	11.84527	
0.54030	0.84147	0.00000	11.84527	
0.54030	0.84147	0.00000	15.93414	
0.54030	0.84147	0.00000	15.93414	
0.54030	0.84147	0.00000	15.93414	
0.54030	0.84147	0.00000	15.93414	
0.54030	0.84147	0.00000	15.93414	
0.54030	0.84147	0.00000	15.93414	
0.54030	0.84147	0.00000	18.37338	
0.54030	0.84147	0.00000	18.37338	
0.54030	0.84147	0.00000	18.37338	
0.54030	0.84147	0.00000	18.37338	
0.54030	0.84147	0.00000	18.37338	
0.54030	0.84147	0.00000	18.37338	
0.54030	0.84147	0.00000	18.22330	
0.54030	0.84147	0.00000	18.22330	
0.54030	0.84147	0.00000	18.22330	
0.54030	0.84147	0.00000	18.22330	
0.54030	0.84147	0.00000	18.22330	
0.54030	0.84147	0.00000	18.22330	
0.54030	0.84147	0.00000	18.22330	
0.54030	0.84147	0.00000	16.27692	
0.54030	0.84147	0.00000	16.27692	
0.54030	0.84147	0.00000	16.27692	
0.54030	0.84147	0.00000	16.27692	
0.54030	0.84147	0.00000	16.27692	
0.54030	0.84147	0.00000	16.27692	
0.54030	0.84147	0.00000	12.28206	
0.54030	0.84147	0.00000	12.28206	
0.54030	0.84147	0.00000	12.28206	
0.54030	0.84147	0.00000	12.28206	
0.54030	0.84147	0.00000	12.28206	
0.54030	0.84147	0.00000	12.28206	
0.54030	0.84147	0.00000	16.36493	
0.54030	0.84147	0.00000	16.36493	
0.54030	0.84147	0.00000	16.36493	
0.54030	0.84147	0.00000	16.36493	
0.54030	0.84147	0.00000	16.36493	
0.54030	0.84147	0.00000	16.36493	
0.52337	0.85211	0.00000	2.14149	
0.52337	0.85211	0.00000	2.14149	
0.52337	0.85211	0.00000	2.14149	
0.52337	0.85211	0.00000	2.14149	
0.52337	0.85211	0.00000	2.14149	
0.52337	0.85211	0.00000	2.14149	
0.52337	0.85211	0.00000	2.14149	
0.52337	0.85211	0.00000	11.84527	
0.52337	0.85211	0.00000	11.84527	
0.52337	0.85211	0.00000	11.84527	
0.52337	0.85211	0.00000	11.84527	
0.52337	0.85211	0.00000	11.84527	
0.52337	0.85211	0.00000	11.84527	
0.52337	0.85211	0.00000	15.93414	
0.52337	0.85211	0.00000	15.93414	
0.52337	0.85211	0.00000	15.93414	
0.52337	0.85211	0.00000	15.93414	
0.52337	0.85211	0.00000	15.93414	
0.52337	0.85211	0.00000	15.93414	
0.52337	0.85211	0.00000	18.37338	
0.52337	0.85211	0.00000	18.37338	
0.52337	0.85211	0.00000	18.37338	
0.52337	0.85211	0.00000	18.37338	
0.52337	0.85211	0.00000	18.37338	
0.52337	0.85211	0.00000	18.37338	
0.52337	0.85211	0.00000	18.22330	
0.52337	0.85211	0.00000	18.22330	
0.52337	0.85211	0.00000	18.22330	
0.52337	0.85211	0.00000	18.22330	
0.52337	0.85211	0.00000	18.22330	
0.52337	0.85211	0.00000	18.22330	
0.52337	0.85211	0.00000	18.22330	
0.52337	0.85211	0.00000	16.27692	
0.52337	0.85211	0.00000	16.27692	
0.52337	0.85211	0.00000	16.27692	
0.52337	0.85211	0.00000	16.27692	
0.52337	0.85211	0.00000	16.27692	
0.52337	0.85211	0.00000	16.27692	
0.52337	0.85211	0.00000	12.28206	
0.52337	0.85211	0.00000	12.28206	
0.52337	0.85211	0.00000	12.28206	
0.52337	0.85211	0.00000	12.28206	
0.52337	0.85211	0.00000	12.28206	
0.52337	0.85211	0.00000	12.28206	
0.52337	0.85211	0.00000	16.36493	
0.52337	0.85211	0.00000	16.36493	
0.52337	0.85211	0.00000	16.36493	
0.52337	0.85211	0.00000	16.36493	
0.52337	0.85211	0.00000	16.36493	
0.52337	0.85211	0.00000	16.36493	
0.50622	0.86240	0.00000	2.14149	
0.50622	0.86240	0.00000	2.14149	
0.50622	0.86240	0.00000	2.14149	
0.50622	0.86240	0.00000	2.14149	
0.50622	0.86240	0.00000	2.14149	
0.50622	0.86240	0.00000	2.14149	
0.50622	0.86240	0.00000	2.14149	
0.50622	0.86240	0.00000	11.84527	
0.50622	0.86240	0.00000	11.84527	
0.50622	0.86240	0.00000	11.84527	
0.50622	0.86240	0.00000	11.84527	
0.50622	0.86240	0.00000	11.84527	
0.50622	0.86240	0.00000	11.84527	
0.50622	0.86240	0.00000	15.93414	
0.50622	0.86240	0.00000	15.93414	
0.50622	0.86240	0.00000	15.93414	
0.50622	0.86240	0.00000	15.93414	
0.50622	0.86240	0.00000	15.93414	
0.50622	0.86240	0.00000	15.93414	
0.50622	0.86240	0.00000	18.37338	
0.50622	0.86240	0.00000	18.37338	
0.50622	0.86240	0.00000	18.37338	
0.50622	0.86240	0.00000	18.37338	
0.50622	0.86240	0.00000	18.37338	
0.50622	0.86240	0.00000	18.37338	
0.50622	0.86240	0.00000	18.22330	
0.50622	0.86240	0.00000	18.22330	
0.50622	0.86240	0.00000	18.22330	
0.50622	0.86240	0.00000	18.22330	
0.50622	0.86240	0.00000	18.22330	
0.50622	0.86240	0.00000	18.22330	
0.50622	0.86240	0.00000	18.22330	
0.50622	0.86240	0.00000	16.27692	
0.50622	0.86240	0.00000	16.27692	
0.50622	0.86240	0.00000	16.27692	
0.50622	0.86240	0.00000	16.27692	
0.50622	0.86240	0.00000	16.27692	
0.50622	0.86240	0.00000	16.27692	
0.50622	0.86240	0.00000	12.28206	
0.50622	0.86240	0.00000	12.28206	
0.50622	0.86240	0.00000	12.28206	
0.50622	0.86240	0.00000	12.28206	
0.50622	0.86240	0.00000	12.28206	
0.50622	0.86240	0.00000	12.28206	
0.50622	0.86240	0.00000	16.36493	
0.50622	0.86240	0.00000	16.36493	
0.50622	0.86240	0.00000	16.36493	
0.50622	0.86240	0.00000	16.36493	
0.50622	0.86240	0.00000	16.36493	
0.50622	0.86240	0.00000	16.36493	
0.48887	0.87236	0.00000	2.14149	
0.48887	0.87236	0.00000	2.14149	
0.48887	0.87236	0.00000	2.14149	
0.48887	0.87236	0.00000	2.14149	
0.48887	0.87236	0.00000	2.14149	
0.48887	0.87236	0.00000	2.14149	
0.48887	0.87236	0.00000	2.14149	
0.48887	0.87236	0.00000	11.84527	
0.48887	0.87236	0.00000	11.84527	
0.48887	0.87236	0.00000	11.84527	
0.48887	0.87236	0.00000	11.84527	
0.48887	0.87236	0.00000	11.84527	
0.48887	0.87236	0.00000	11.84527	
0.48887	0.87236	0.00000	15.93414	
0.48887	0.87236	0.00000	15.93414	
0.48887	0.87236	0.00000	15.93414	
0.48887	0.87236	0.00000	15.93414	
0.48887	0.87236	0.00000	15.93414	
0.48887	0.87236	0.00000	15.93414	
0.48887	0.87236	0.00000	18.37338	
0.48887	0.87236	0.00000	18.37338	
0.48887	0.87236	0.00000	18.37338	
0.48887	0.87236	0.00000	18.37338	
0.48887	0.87236	0.00000	18.37338	
0.48887	0.87236	0.00000	18.37338	
0.48887	0.87236	0.00000	18.22330	
0.48887	0.87236	0.00000	18.22330	
0.48887	0.87236	0.00000	18.22330	
0.48887	0.87236	0.00000	18.22330	
0.48887	0.87236	0.00000	18.22330	
0.48887	0.87236	0.00000	18.22330	
0.48887	0.87236	0.00000	18.22330	
0.48887	0.87236	0.00000	16.27692	
0.48887	0.87236	0.00000	16.27692	
0.48887	0.87236	0.00000	16.27692	
0.48887	0.87236	0.00000	16.27692	
0.48887	0.87236	0.00000	16.27692	
0.48887	0.87236	0.00000	16.27692	
0.48887	0.87236	0.00000	12.28206	
0.48887	0.87236	0.00000	12.28206	
0.48887	0.87236	0.00000	12.28206	
0.48887	0.87236	0.00000	12.28206	
0.48887	0.87236	0.00000	12.28206	
0.48887	0.87236	0.00000	12.28206	
0.48887	0.87236	0.00000	16.36493	
0.48887	0.87236	0.00000	16.36493	
0.48887	0.87236	0.00000	16.36493	
0.48887	0.87236	0.00000	16.36493	
0.48887	0.87236	0.00000	16.36493	
0.48887	0.87236	0.00000	16.36493	
0.47133	0.88196	0.00000	2.14149	
0.47133	0.88196	0.00000	2.14149	
0.47133	0.88196	0.00000	2.14149	
0.47133	0.88196	0.00000	2.14149	
0.47133	0.88196	0.00000	2.14149	
0.47133	0.88196	0.00000	2.14149	
0.47133	0.88196	0.00000	2.14149	
0.47133	0.88196	0.00000	11.84527	
0.47133	0.88196	0.00000	11.84527	
0.47133	0.88196	0.00000	11.84527	
0.47133	0.88196	0.00000	11.84527	
0.47133	0.88196	0.00000	11.84527	
0.47133	0.88196	0.00000	11.84527	
0.47133	0.88196	0.00000	15.93414	
0.47133	0.88196	0.00000	15.93414	
0.47133	0.88196	0.00000	15.93414	
0.47133	0.88196	0.00000	15.93414	
0.47133	0.88196	0.00000	15.93414	
0.47133	0.88196	0.00000	15.93414	
0.47133	0.88196	0.00000	18.37338	
0.47133	0.88196	0.00000	18.37338	
0.47133	0.88196	0.00000	18.37338	
0.47133	0.88196	0.00000	18.37338	
0.47133	0.88196	0.00000	18.37338	
0.47133	0.88196	0.00000	18.37338	
0.47133	0.88196	0.00000	18.22330	
0.47133	0.88196	0.00000	18.22330	
0.47133	0.88196	0.00000	18.22330	
0.47133	0.88196	0.00000	18.22330	
0.47133	0.88196	0.00000	18.22330	
0.47133	0.88196	0.00000	18.22330	
0.47133	0.88196	0.00000	18.22330	
0.47133	0.88196	0.00000	16.27692	
0.47133	0.88196	0.00000	16.27692	
0.47133	0.88196	0.00000	16.27692	
0.47133	0.88196	0.00000	16.27692	
0.47133	0.88196	0.00000	16.27692	
0.47133	0.88196	0.00000	16.27692	
0.47133	0.88196	0.00000	12.28206	
0.47133	0.88196	0.00000	12.28206	
0.47133	0.88196	0.00000	12.28206	
0.47133	0.88196	0.00000	12.28206	
0.47133	0.88196	0.00000	12.28206	
0.47133	0.88196	0.00000	12.28206	
0.47133	0.88196	0.00000	16.36493	
0.47133	0.88196	0.00000	16.36493	
0.47133	0.88196	0.00000	16.36493	
0.47133	0.88196	0.00000	16.36493	
0.47133	0.88196	0.00000	16.36493	
0.47133	0.88196	0.00000	16.36493	
0.45360	0.89121	0.00000	2.14149	
0.45360	0.89121	0.00000	2.14149	
0.45360	0.89121	0.00000	2.14149	
0.45360	0.89121	0.00000	2.14149	
0.45360	0.89121	0.00000	2.14149	
0.45360	0.89121	0.00000	2.14149	
0.45360	0.89121	0.00000	2.14149	
0.45360	0.89121	0.00000	11.84527	
0.45360	0.89121	0.00000	11.84527	
0.45360	0.89121	0.00000	11.84527	
0.45360	0.89121	0.00000	11.84527	
0.45360	0.89121	0.00000	11.84527	
0.45360	0.89121	0.00000	11.84527	
0.45360	0.89121	0.00000	15.93414	
0.45360	0.89121	0.00000	15.93414	
0.45360	0.89121	0.00000	15.93414	
0.45360	0.89121	0.00000	15.93414	
0.45360	0.89121	0.00000	15.93414	
0.45360	0.89121	0.00000	15.93414	
0.45360	0.89121	0.00000	18.37338	
0.45360	0.89121	0.00000	18.37338	
0.45360	0.89121	0.00000	18.37338	
0.45360	0.89121	0.00000	18.37338	
0.45360	0.89121	0.00000	18.37338	
0.45360	0.89121	0.00000	18.37338	
0.45360	0.89121	0.00000	18.22330	
0.45360	0.89121	0.00000	18.22330	
0.45360	0.89121	0.00000	18.22330	
0.45360	0.89121	0.00000	18.22330	
0.45360	0.89121	0.00000	18.22330	
0.45360	0.89121	0.00000	18.22330	
0.45360	0.89121	0.00000	18.22330	
0.45360	0.89121	0.00000	16.27692	
0.45360	0.89121	0.00000	16.27692	
0.45360	0.89121	0.00000	16.27692	
0.45360	0.89121	0.00000	16.27692	
0.45360	0.89121	0.00000	16.27692	
0.45360	0.89121	0.00000	16.27692	
0.45360	0.89121	0.00000	12.28206	
0.45360	0.89121	0.00000	12.28206	
0.45360	0.89121	0.00000	12.28206	
0.45360	0.89121	0.00000	12.28206	
0.45360	0.89121	0.00000	12.28206	
0.45360	0.89121	0.00000	12.28206	
0.45360	0.89121	0.00000	16.36493	
0.45360	0.89121	0.00000	16.36493	
0.45360	0.89121	0.00000	16.36493	
0.45360	0.89121	0.00000	16.36493	
0.45360	0.89121	0.00000	16.36493	
0.45360	0.89121	0.00000	16.36493	
0.43568	0.90010	0.00000	2.14149	
0.43568	0.90010	0.00000	2.14149	
0.43568	0.90010	0.00000	2.14149	
0.43568	0.90010	0.00000	2.14149	
0.43568	0.90010	0.00000	2.14149	
0.43568	0.90010	0.00000	2.14149	
0.43568	0.90010	0.00000	2.14149	
0.43568	0.90010	0.00000	11.84527	
0.43568	0.90010	0.00000	11.84527	
0.43568	0.90010	0.00000	11.84527	
0.43568	0.90010	0.00000	11.84527	
0.43568	0.90010	0.00000	11.84527	
0.43568	0.90010	0.00000	11.84527	
0.43568	0.90010	0.00000	15.93414	
0.43568	0.90010	0.00000	15.93414	
0.43568	0.90010	0.00000	15.93414	
0.43568	0.90010	0.00000	15.93414	
0.43568	0.90010	0.00000	15.93414	
0.43568	0.90010	0.00000	15.93414	
0.43568	0.90010	0.00000	18.37338	
0.43568	0.90010	0.00000	18.37338	
0.43568	0.90010	0.00000	18.37338	
0.43568	0.90010	0.00000	18.37338	
0.43568	0.90010	0.00000	18.37338	
0.43568	0.90010	0.00000	18.37338	
0.43568	0.90010	0.00000	18.22330	
0.43568	0.90010	0.00000	18.22330	
0.43568	0.90010	0.00000	18.22330	
0.43568	0.90010	0.00000	18.22330	
0.43568	0.90010	0.00000	18.22330	
0.43568	0.90010	0.00000	18.22330	
0.43568	0.90010	0.00000	18.22330	
0.43568	0.90010	0.00000	16.27692	
0.43568	0.90010	0.00000	16.27692	
0.43568	0.90010	0.00000	16.27692	
0.43568	0.90010	0.00000	16.27692	
0.43568	0.90010	0.00000	16.27692	
0.43568	0.90010	0.00000	16.27692	
0.43568	0.90010	0.00000	12.28206	
0.43568	0.90010	0.00000	12.28206	
0.43568	0.90010	0.00000	12.28206	
0.43568	0.90010	0.00000	12.28206	
0.43568	0.90010	0.00000	12.28206	
0.43568	0.90010	0.00000	12.28206	
0.43568	0.90010	0.00000	16.36493	
0.43568	0.90010	0.00000	16.36493	
0.43568	0.90010	0.00000	16.36493	
0.43568	0.90010	0.00000	16.36493	
0.43568	0.90010	0.00000	16.36493	
0.43568	0.90010	0.00000	16.36493	
0.41759	0.90863	0.00000	6.78149	
0.41759	0.90863	0.00000	6.78149	
0.41759	0.90863	0.00000	6.78149	
0.41759	0.90863	0.00000	6.78149	
0.41759	0.90863	0.00000	6.78149	
0.41759	0.90863	0.00000	6.78149	
0.41759	0.90863	0.00000	6.78149	
0.41759	0.90863	0.00000	9.84661	
0.41759	0.90863	0.00000	9.84661	
0.41759	0.90863	0.00000	9.84661	
0.41759	0.90863	0.00000	9.84661	
0.41759	0.90863	0.00000	9.84661	
0.41759	0.90863	0.00000	9.84661	
0.41759	0.90863	0.00000	10.57716	
0.41759	0.90863	0.00000	10.57716	
0.41759	0.90863	0.00000	10.57716	
0.41759	0.90863	0.00000	10.57716	
0.41759	0.90863	0.00000	10.57716	
0.41759	0.90863	0.00000	10.57716	
0.41759	0.90863	0.00000	10.32391	
0.41759	0.90863	0.00000	10.32391	
0.41759	0.90863	0.00000	10.32391	
0.41759	0.90863	0.00000	10.32391	
0.41759	0.90863	0.00000	10.32391	
0.41759	0.90863	0.00000	10.32391	
0.41759	0.90863	0.00000	8.90050	
0.41759	0.90863	0.00000	8.90050	
0.41759	0.90863	0.00000	8.90050	
0.41759	0.90863	0.00000	8.90050	
0.41759	0.90863	0.00000	8.90050	
0.41759	0.90863	0.00000	8.90050	
0.41759	0.90863	0.00000	8.90050	
0.41759	0.90863	0.00000	7.03291	
0.41759	0.90863	0.00000	7.03291	
0.41759	0.90863	0.00000	7.03291	
0.41759	0.90863	0.00000	7.03291	
0.41759	0.90863	0.00000	7.03291	
0.41759	0.90863	0.00000	7.03291	
0.41759	0.90863	0.00000	4.46751	
0.41759	0.90863	0.00000	4.46751	
0.41759	0.90863	0.00000	4.46751	
0.41759	0.90863	0.00000	4.46751	
0.41759	0.90863	0.00000	4.46751	
0.41759	0.90863	0.00000	4.46751	
0.41759	0.90863	0.00000	8.33322	
0.41759	0.90863	0.00000	8.33322	
0.41759	0.90863	0.00000	8.33322	
0.41759	0.90863	0.00000	8.33322	
0.41759	0.90863	0.00000	8.33322	
0.41759	0.90863	0.00000	8.33322	
0.39934	0.91680	0.00000	6.78149	
0.39934	0.91680	0.00000	6.78149	
0.39934	0.91680	0.00000	6.78149	
0.39934	0.91680	0.00000	6.78149	
0.39934	0.91680	0.00000	6.78149	
0.39934	0.91680	0.00000	6.78149	
0.39934	0.91680	0.00000	6.78149	
0.39934	0.91680	0.00000	9.84661	
0.39934	0.91680	0.00000	9.84661	
0.39934	0.91680	0.00000	9.84661	
0.39934	0.91680	0.00000	9.84661	
0.39934	0.91680	0.00000	9.84661	
0.39934	0.91680	0.00000	9.84661	
0.39934	0.91680	0.00000	10.57716	
0.39934	0.91680	0.00000	10.57716	
0.39934	0.91680	0.00000	10.57716	
0.39934	0.91680	0.00000	10.57716	
0.39934	0.91680	0.00000	10.57716	
0.39934	0.91680	0.00000	10.57716	
0.39934	0.91680	0.00000	10.32391	
0.39934	0.91680	0.00000	10.32391	
0.39934	0.91680	0.00000	10.32391	
0.39934	0.91680	0.00000	10.32391	
0.39934	0.91680	0.00000	10.32391	
0.39934	0.91680	0.00000	10.32391	
0.39934	0.91680	0.00000	8.90050	
0.39934	0.91680	0.00000	8.90050	
0.39934	0.91680	0.00000	8.90050	
0.39934	0.91680	0.00000	8.90050	
0.39934	0.91680	0.00000	8.90050	
0.39934	0.91680	0.00000	8.90050	
0.39934	0.91680	0.00000	8.90050	
0.39934	0.91680	0.00000	7.03291	
0.39934	0.91680	0.00000	7.03291	
0.39934	0.91680	0.00000	7.03291	
0.39934	0.91680	0.00000	7.03291	
0.39934	0.91680	0.00000	7.03291	
0.39934	0.91680	0.00000	7.03291	
0.39934	0.91680	0.00000	4.46751	
0.39934	0.91680	0.00000	4.46751	
0.39934	0.91680	0.00000	4.46751	
0.39934	0.91680	0.00000	4.46751	
0.39934	0.91680	0.00000	4.46751	
0.39934	0.91680	0.00000	4.46751	
0.39934	0.91680	0.00000	8.33322	
0.39934	0.91680	0.00000	8.33322	
0.39934	0.91680	0.00000	8.33322	
0.39934	0.91680	0.00000	8.33322	
0.39934	0.91680	0.00000	8.33322	
0.39934	0.91680	0.00000	8.33322	
0.38092	0.92461	0.00000	6.78149	
0.38092	0.92461	0.00000	6.78149	
0.38092	0.92461	0.00000	6.78149	
0.38092	0.92461	0.00000	6.78149	
0.38092	0.92461	0.00000	6.78149	
0.38092	0.92461	0.00000	6.78149	
0.38092	0.92461	0.00000	6.78149	
0.38092	0.92461	0.00000	9.84661	
0.38092	0.92461	0.00000	9.84661	
0.38092	0.92461	0.00000	9.84661	
0.38092	0.92461	0.00000	9.84661	
0.38092	0.92461	0.00000	9.84661	
0.38092	0.92461	0.00000	9.84661	
0.38092	0.92461	0.00000	10.57716	
0.38092	0.92461	0.00000	10.57716	
0.38092	0.92461	0.00000	10.57716	
0.38092	0.92461	0.00000	10.57716	
0.38092	0.92461	0.00000	10.57716	
0.38092	0.92461	0.00000	10.57716	
0.38092	0.92461	0.00000	10.32391	
0.38092	0.92461	0.00000	10.32391	
0.38092	0.92461	0.00000	10.32391	
0.38092	0.92461	0.00000	10.32391	
0.38092	0.92461	0.00000	10.32391	
0.38092	0.92461	0.00000	10.32391	
0.38092	0.92461	0.00000	8.90050	
0.38092	0.92461	0.00000	8.90050	
0.38092	0.92461	0.00000	8.90050	
0.38092	0.92461	0.00000	8.90050	
0.38092	0.92461	0.00000	8.90050	
0.38092	0.92461	0.00000	8.90050	
0.38092	0.92461	0.00000	8.90050	
0.38092	0.92461	0.00000	7.03291	
0.38092	0.92461	0.00000	7.03291	
0.38092	0.92461	0.00000	7.03291	
0.38092	0.92461	0.00000	7.03291	
0.38092	0.92461	0.00000	7.03291	
0.38092	0.92461	0.00000	7.03291	
0.38092	0.92461	0.00000	4.46751	
0.38092	0.92461	0.00000	4.46751	
0.38092	0.92461	0.00000	4.46751	
0.38092	0.92461	0.00000	4.46751	
0.38092	0.92461	0.00000	4.46751	
0.38092	0.92461	0.00000	4.46751	
0.38092	0.92461	0.00000	8.33322	
0.38092	0.92461	0.00000	8.33322	
0.38092	0.92461	0.00000	8.33322	
0.38092	0.92461	0.00000	8.33322	
0.38092	0.92461	0.00000	8.33322	
0.38092	0.92461	0.00000	8.33322	
0.36236	0.93204	0.00000	6.78149	
0.36236	0.93204	0.00000	6.78149	
0.36236	0.93204	0.00000	6.78149	
0.36236	0.93204	0.00000	6.78149	
0.36236	0.93204	0.00000	6.78149	
0.36236	0.93204	0.00000	6.78149	
0.36236	0.93204	0.00000	6.78149	
0.36236	0.93204	0.00000	9.84661	
0.36236	0.93204	0.00000	9.84661	
0.36236	0.93204	0.00000	9.84661	
0.36236	0.93204	0.00000	9.84661	
0.36236	0.93204	0.00000	9.84661	
0.36236	0.93204	0.00000	9.84661	
0.36236	0.93204	0.00000	10.57716	
0.36236	0.93204	0.00000	10.57716	
0.36236	0.93204	0.00000	10.57716	
0.36236	0.93204	0.00000	10.57716	
0.36236	0.93204	0.00000	10.57716	
0.36236	0.93204	0.00000	10.57716	
0.36236	0.93204	0.00000	10.32391	
0.36236	0.93204	0.00000	10.32391	
0.36236	0.93204	0.00000	10.32391	
0.36236	0.93204	0.00000	10.32391	
0.36236	0.93204	0.00000	10.32391	
0.36236	0.93204	0.00000	10.32391	
0.36236	0.93204	0.00000	8.90050	
0.36236	0.93204	0.00000	8.90050	
0.36236	0.93204	0.00000	8.90050	
0.36236	0.93204	0.00000	8.90050	
0.36236	0.93204	0.00000	8.90050	
0.36236	0.93204	0.00000	8.90050	
0.36236	0.93204	0.00000	8.90050	
0.36236	0.93204	0.00000	7.03291	
0.36236	0.93204	0.00000	7.03291	
0.36236	0.93204	0.00000	7.03291	
0.36236	0.93204	0.00000	7.03291	
0.36236	0.93204	0.00000	7.03291	
0.36236	0.93204	0.00000	7.03291	
0.36236	0.93204	0.00000	4.46751	
0.36236	0.93204	0.00000	4.46751	
0.36236	0.93204	0.00000	4.46751	
0.36236	0.93204	0.00000	4.46751	
0.36236	0.93204	0.00000	4.46751	
0.36236	0.93204	0.00000	4.46751	
0.36236	0.93204	0.00000	8.33322	
0.36236	0.93204	0.00000	8.33322	
0.36236	0.93204	0.00000	8.33322	
0.36236	0.93204	0.00000	8.33322	
0.36236	0.93204	0.00000	8.33322	
0.36236	0.93204	0.00000	8.33322	
0.34365	0.93910	0.00000	6.78149	
0.34365	0.93910	0.00000	6.78149	
0.34365	0.93910	0.00000	6.78149	
0.34365	0.93910	0.00000	6.78149	
0.34365	0.93910	0.00000	6.78149	
0.34365	0.93910	0.00000	6.78149	
0.34365	0.93910	0.00000	6.78149	
0.34365	0.93910	0.00000	9.84661	
0.34365	0.93910	0.00000	9.84661	
0.34365	0.93910	0.00000	9.84661	
0.34365	0.93910	0.00000	9.84661	
0.34365	0.93910	0.00000	9.84661	
0.34365	0.93910	0.00000	9.84661	
0.34365	0.93910	0.00000	10.57716	
0.34365	0.93910	0.00000	10.57716	
0.34365	0.93910	0.00000	10.57716	
0.34365	0.93910	0.00000	10.57716	
0.34365	0.93910	0.00000	10.57716	
0.34365	0.93910	0.00000	10.57716	
0.34365	0.93910	0.00000	10.32391	
0.34365	0.93910	0.00000	10.32391	
0.34365	0.93910	0.00000	10.32391	
0.34365	0.93910	0.00000	10.32391	
0.34365	0.93910	0.00000	10.32391	
0.34365	0.93910	0.00000	10.32391	
0.34365	0.93910	0.00000	8.90050	
0.34365	0.93910	0.00000	8.90050	
0.34365	0.93910	0.00000	8.90050	
0.34365	0.93910	0.00000	8.90050	
0.34365	0.93910	0.00000	8.90050	
0.34365	0.93910	0.00000	8.90050	
0.34365	0.93910	0.00000	8.90050	
0.34365	0.93910	0.00000	7.03291	
0.34365	0.93910	0.00000	7.03291	
0.34365	0.93910	0.00000	7.03291	
0.34365	0.93910	0.00000	7.03291	
0.34365	0.93910	0.00000	7.03291	
0.34365	0.93910	0.00000	7.03291	
0.34365	0.93910	0.00000	4.46751	
0.34365	0.93910	0.00000	4.46751	
0.34365	0.93910	0.00000	4.46751	
0.34365	0.93910	0.00000	4.46751	
0.34365	0.93910	0.00000	4.46751	
0.34365	0.93910	0.00000	4.46751	
0.34365	0.93910	0.00000	8.33322	
0.34365	0.93910	0.00000	8.33322	
0.34365	0.93910	0.00000	8.33322	
0.34365	0.93910	0.00000	8.33322	
0.34365	0.93910	0.00000	8.33322	
0.34365	0.93910	0.00000	8.33322	
0.32480	0.94578	0.00000	6.78149	
0.32480	0.94578	0.00000	6.78149	
0.32480	0.94578	0.00000	6.78149	
0.32480	0.94578	0.00000	6.78149	
0.32480	0.94578	0.00000	6.78149	
0.32480	0.94578	0.00000	6.78149	
0.32480	0.94578	0.00000	6.78149	
0.32480	0.94578	0.00000	9.84661	
0.32480	0.94578	0.00000	9.84661	
0.32480	0.94578	0.00000	9.84661	
0.32480	0.94578	0.00000	9.84661	
0.32480	0.94578	0.00000	9.84661	
0.32480	0.94578	0.00000	9.84661	
0.32480	0.94578	0.00000	10.57716	
0.32480	0.94578	0.00000	10.57716	
0.32480	0.94578	0.00000	10.57716	
0.32480	0.94578	0.00000	10.57716	
0.32480	0.94578	0.00000	10.57716	
0.32480	0.94578	0.00000	10.57716	
0.32480	0.94578	0.00000	10.32391	
0.32480	0.94578	0.00000	10.32391	
0.32480	0.94578	0.00000	10.32391	
0.32480	0.94578	0.00000	10.32391	
0.32480	0.94578	0.00000	10.32391	
0.32480	0.94578	0.00000	10.32391	
0.32480	0.94578	0.00000	8.90050	
0.32480	0.94578	0.00000	8.90050	
0.32480	0.94578	0.00000	8.90050	
0.32480	0.94578	0.00000	8.90050	
0.32480	0.94578	0.00000	8.90050	
0.32480	0.94578	0.00000	8.90050	
0.32480	0.94578	0.00000	8.90050	
0.32480	0.94578	0.00000	7.03291	
0.32480	0.94578	0.00000	7.03291	
0.32480	0.94578	0.00000	7.03291	
0.32480	0.94578	0.00000	7.03291	
0.32480	0.94578	0.00000	7.03291	
0.32480	0.94578	0.00000	7.03291	
0.32480	0.94578	0.00000	4.46751	
0.32480	0.94578	0.00000	4.46751	
0.32480	0.94578	0.00000	4.46751	
0.32480	0.94578	0.00000	4.46751	
0.32480	0.94578	0.00000	4.46751	
0.32480	0.94578	0.00000	4.46751	
0.32480	0.94578	0.00000	8.33322	
0.32480	0.94578	0.00000	8.33322	
0.32480	0.94578	0.00000	8.33322	
0.32480	0.94578	0.00000	8.33322	
0.32480	0.94578	0.00000	8.33322	
0.32480	0.94578	0.00000	8.33322	
0.30582	0.95209	0.00000	9.69553	
0.30582	0.95209	0.00000	9.69553	
0.30582	0.95209	0.00000	9.69553	
0.30582	0.95209	0.00000	9.69553	
0.30582	0.95209	0.00000	9.69553	
0.30582	0.95209	0.00000	9.69553	
0.30582	0.95209	0.00000	9.69553	
0.30582	0.95209	0.00000	11.37092	
0.30582	0.95209	0.00000	11.37092	
0.30582	0.95209	0.00000	11.37092	
0.30582	0.95209	0.00000	11.37092	
0.30582	0.95209	0.00000	11.37092	
0.30582	0.95209	0.00000	11.37092	
0.30582	0.95209	0.00000	12.46882	
0.30582	0.95209	0.00000	12.46882	
0.30582	0.95209	0.00000	12.46882	
0.30582	0.95209	0.00000	12.46882	
0.30582	0.95209	0.00000	12.46882	
0.30582	0.95209	0.00000	12.46882	
0.30582	0.95209	0.00000	12.01242	
0.30582	0.95209	0.00000	12.01242	
0.30582	0.95209	0.00000	12.01242	
0.30582	0.95209	0.00000	12.01242	
0.30582	0.95209	0.00000	12.01242	
0.30582	0.95209	0.00000	12.01242	
0.30582	0.95209	0.00000	10.36511	
0.30582	0.95209	0.00000	10.36511	
0.30582	0.95209	0.00000	10.36511	
0.30582	0.95209	0.00000	10.36511	
0.30582	0.95209	0.00000	10.36511	
0.30582	0.95209	0.00000	10.36511	
0.30582	0.95209	0.00000	10.36511	
0.30582	0.95209	0.00000	8.30759	
0.30582	0.95209	0.00000	8.30759	
0.30582	0.95209	0.00000	8.30759	
0.30582	0.95209	0.00000	8.30759	
0.30582	0.95209	0.00000	8.30759	
0.30582	0.95209	0.00000	8.30759	
0.30582	0.95209	0.00000	5.45160	
0.30582	0.95209	0.00000	5.45160	
0.30582	0.95209	0.00000	5.45160	
0.30582	0.95209	0.00000	5.45160	
0.30582	0.95209	0.00000	5.45160	
0.30582	0.95209	0.00000	5.45160	
0.30582	0.95209	0.00000	10.33002	
0.30582	0.95209	0.00000	10.33002	
0.30582	0.95209	0.00000	10.33002	
0.30582	0.95209	0.00000	10.33002	
0.30582	0.95209	0.00000	10.33002	
0.30582	0.95209	0.00000	10.33002	
0.28672	0.95802	0.00000	9.69553	
0.28672	0.95802	0.00000	9.69553	
0.28672	0.95802	0.00000	9.69553	
0.28672	0.95802	0.00000	9.69553	
0.28672	0.95802	0.00000	9.69553	
0.28672	0.95802	0.00000	9.69553	
0.28672	0.95802	0.00000	9.69553	
0.28672	0.95802	0.00000	11.37092	
0.28672	0.95802	0.00000	11.37092	
0.28672	0.95802	0.00000	11.37092	
0.28672	0.95802	0.00000	11.37092	
0.28672	0.95802	0.00000	11.37092	
0.28672	0.95802	0.00000	11.37092	
0.28672	0.95802	0.00000	12.46882	
0.28672	0.95802	0.00000	12.46882	
0.28672	0.95802	0.00000	12.46882	
0.28672	0.95802	0.00000	12.46882	
0.28672	0.95802	0.00000	12.46882	
0.28672	0.95802	0.00000	12.46882	
0.28672	0.95802	0.00000	12.01242	
0.28672	0.95802	0.00000	12.01242	
0.28672	0.95802	0.00000	12.01242	
0.28672	0.95802	0.00000	12.01242	
0.28672	0.95802	0.00000	12.01242	
0.28672	0.95802	0.00000	12.01242	
0.28672	0.95802	0.00000	10.36511	
0.28672	0.95802	0.00000	10.36511	
0.28672	0.95802	0.00000	10.36511	
0.28672	0.95802	0.00000	10.36511	
0.28672	0.95802	0.00000	10.36511	
0.28672	0.95802	0.00000	10.36511	
0.28672	0.95802	0.00000	10.36511	
0.28672	0.95802	0.00000	8.30759	
0.28672	0.95802	0.00000	8.30759	
0.28672	0.95802	0.00000	8.30759	
0.28672	0.95802	0.00000	8.30759	
0.28672	0.95802	0.00000	8.30759	
0.28672	0.95802	0.00000	8.30759	
0.28672	0.95802	0.00000	5.45160	
0.28672	0.95802	0.00000	5.45160	
0.28672	0.95802	0.00000	5.45160	
0.28672	0.95802	0.00000	5.45160	
0.28672	0.95802	0.00000	5.45160	
0.28672	0.95802	0.00000	5.45160	
0.28672	0.95802	0.00000	10.33002	
0.28672	0.95802	0.00000	10.33002	
0.28672	0.95802	0.00000	10.33002	
0.28672	0.95802	0.00000	10.33002	
0.28672	0.95802	0.00000	10.33002	
0.28672	0.95802	0.00000	10.33002	
0.26750	0.96356	0.00000	9.69553	
0.26750	0.96356	0.00000	9.69553	
0.26750	0.96356	0.00000	9.69553	
0.26750	0.96356	0.00000	9.69553	
0.26750	0.96356	0.00000	9.69553	
0.26750	0.96356	0.00000	9.69553	
0.26750	0.96356	0.00000	9.69553	
0.26750	0.96356	0.00000	11.37092	
0.26750	0.96356	0.00000	11.37092	
0.26750	0.96356	0.00000	11.37092	
0.26750	0.96356	0.00000	11.37092	
0.26750	0.96356	0.00000	11.37092	
0.26750	0.96356	0.00000	11.37092	
0.26750	0.96356	0.00000	12.46882	
0.26750	0.96356	0.00000	12.46882	
0.26750	0.96356	0.00000	12.46882	
0.26750	0.96356	0.00000	12.46882	
0.26750	0.96356	0.00000	12.46882	
0.26750	0.96356	0.00000	12.46882	
0.26750	0.96356	0.00000	12.01242	
0.26750	0.96356	0.00000	12.01242	
0.26750	0.96356	0.00000	12.01242	
0.26750	0.96356	0.00000	12.01242	
0.26750	0.96356	0.00000	12.01242	
0.26750	0.96356	0.00000	12.01242	
0.26750	0.96356	0.00000	10.36511	
0.26750	0.96356	0.00000	10.36511	
0.26750	0.96356	0.00000	10.36511	
0.26750	0.96356	0.00000	10.36511	
0.26750	0.96356	0.00000	10.36511	
0.26750	0.96356	0.00000	10.36511	
0.26750	0.96356	0.00000	10.36511	
0.26750	0.96356	0.00000	8.30759	
0.26750	0.96356	0.00000	8.30759	
0.26750	0.96356	0.00000	8.30759	
0.26750	0.96356	0.00000	8.30759	
0.26750	0.96356	0.00000	8.30759	
0.26750	0.96356	0.00000	8.30759	
0.26750	0.96356	0.00000	5.45160	
0.26750	0.96356	0.00000	5.45160	
0.26750	0.96356	0.00000	5.45160	
0.26750	0.96356	0.00000	5.45160	
0.26750	0.96356	0.00000	5.45160	
0.26750	0.96356	0.00000	5.45160	
0.26750	0.96356	0.00000	10.33002	
0.26750	0.96356	0.00000	10.33002	
0.26750	0.96356	0.00000	10.33002	
0.26750	0.96356	0.00000	10.33002	
0.26750	0.96356	0.00000	10.33002	
0.26750	0.96356	0.00000	10.33002	
0.24818	0.96872	0.00000	9.69553	
0.24818	0.96872	0.00000	9.69553	
0.24818	0.96872	0.00000	9.69553	
0.24818	0.96872	0.00000	9.69553	
0.24818	0.96872	0.00000	9.69553	
0.24818	0.96872	0.00000	9.69553	
0.24818	0.96872	0.00000	9.69553	
0.24818	0.96872	0.00000	11.37092	
0.24818	0.96872	0.00000	11.37092	
0.24818	0.96872	0.00000	11.37092	
0.24818	0.96872	0.00000	11.37092	
0.24818	0.96872	0.00000	11.37092	
0.24818	0.96872	0.00000	11.37092	
0.24818	0.96872	0.00000	12.46882	
0.24818	0.96872	0.00000	12.46882	
0.24818	0.96872	0.00000	12.46882	
0.24818	0.96872	0.00000	12.46882	
0.24818	0.96872	0.00000	12.46882	
0.24818	0.96872	0.00000	12.46882	
0.24818	0.96872	0.00000	12.01242	
0.24818	0.96872	0.00000	12.01242	
0.24818	0.96872	0.00000	12.01242	
0.24818	0.96872	0.00000	12.01242	
0.24818	0.96872	0.00000	12.01242	
0.24818	0.96872	0.00000	12.01242	
0.24818	0.96872	0.00000	10.36511	
0.24818	0.96872	0.00000	10.36511	
0.24818	0.96872	0.00000	10.36511	
0.24818	0.96872	0.00000	10.36511	
0.24818	0.96872	0.00000	10.36511	
0.24818	0.96872	0.00000	10.36511	
0.24818	0.96872	0.00000	10.36511	
0.24818	0.96872	0.00000	8.30759	
0.24818	0.96872	0.00000	8.30759	
0.24818	0.96872	0.00000	8.30759	
0.24818	0.96872	0.00000	8.30759	
0.24818	0.96872	0.00000	8.30759	
0.24818	0.96872	0.00000	8.30759	
0.24818	0.96872	0.00000	5.45160	
0.24818	0.96872	0.00000	5.45160	
0.24818	0.96872	0.00000	5.45160	
0.24818	0.96872	0.00000	5.45160	
0.24818	0.96872	0.00000	5.45160	
0.24818	0.96872	0.00000	5.45160	
0.24818	0.96872	0.00000	10.33002	
0.24818	0.96872	0.00000	10.33002	
0.24818	0.96872	0.00000	10.33002	
0.24818	0.96872	0.00000	10.33002	
0.24818	0.96872	0.00000	10.33002	
0.24818	0.96872	0.00000	10.33002	
0.22875	0.97348	0.00000	9.69553	
0.22875	0.97348	0.00000	9.69553	
0.22875	0.97348	0.00000	9.69553	
0.22875	0.97348	0.00000	9.69553	
0.22875	0.97348	0.00000	9.69553	
0.22875	0.97348	0.00000	9.69553	
0.22875	0.97348	0.00000	9.69553	
0.22875	0.97348	0.00000	11.37092	
0.22875	0.97348	0.00000	11.37092	
0.22875	0.97348	0.00000	11.37092	
0.22875	0.97348	0.00000	11.37092	
0.22875	0.97348	0.00000	11.37092	
0.22875	0.97348	0.00000	11.37092	
0.22875	0.97348	0.00000	12.46882	
0.22875	0.97348	0.00000	12.46882	
0.22875	0.97348	0.00000	12.46882	
0.22875	0.97348	0.00000	12.46882	
0.22875	0.97348	0.00000	12.46882	
0.22875	0.97348	0.00000	12.46882	
0.22875	0.97348	0.00000	12.01242	
0.22875	0.97348	0.00000	12.01242	
0.22875	0.97348	0.00000	12.01242	
0.22875	0.97348	0.00000	12.01242	
0.22875	0.97348	0.00000	12.01242	
0.22875	0.97348	0.00000	12.01242	
0.22875	0.97348	0.00000	10.36511	
0.22875	0.97348	0.00000	10.36511	
0.22875	0.97348	0.00000	10.36511	
0.22875	0.97348	0.00000	10.36511	
0.22875	0.97348	0.00000	10.36511	
0.22875	0.97348	0.00000	10.36511	
0.22875	0.97348	0.00000	10.36511	
0.22875	0.97348	0.00000	8.30759	
0.22875	0.97348	0.00000	8.30759	
0.22875	0.97348	0.00000	8.30759	
0.22875	0.97348	0.00000	8.30759	
0.22875	0.97348	0.00000	8.30759	
0.22875	0.97348	0.00000	8.30759	
0.22875	0.97348	0.00000	5.45160	
0.22875	0.97348	0.00000	5.45160	
0.22875	0.97348	0.00000	5.45160	
0.22875	0.97348	0.00000	5.45160	
0.22875	0.97348	0.00000	5.45160	
0.22875	0.97348	0.00000	5.45160	
0.22875	0.97348	0.00000	10.33002	
0.22875	0.97348	0.00000	10.33002	
0.22875	0.97348	0.00000	10.33002	
0.22875	0.97348	0.00000	10.33002	
0.22875	0.97348	0.00000	10.33002	
0.22875	0.97348	0.00000	10.33002	
0.20924	0.97786	0.00000	9.69553	
0.20924	0.97786	0.00000	9.69553	
0.20924	0.97786	0.00000	9.69553	
0.20924	0.97786	0.00000	9.69553	
0.20924	0.97786	0.00000	9.69553	
0.20924	0.97786	0.00000	9.69553	
0.20924	0.97786	0.00000	9.69553	
0.20924	0.97786	0.00000	11.37092	
0.20924	0.97786	0.00000	11.37092	
0.20924	0.97786	0.00000	11.37092	
0.20924	0.97786	0.00000	11.37092	
0.20924	0.97786	0.00000	11.37092	
0.20924	0.97786	0.00000	11.37092	
0.20924	0.97786	0.00000	12.46882	
0.20924	0.97786	0.00000	12.46882	
0.20924	0.97786	0.00000	12.46882	
0.20924	0.97786	0.00000	12.46882	
0.20924	0.97786	0.00000	12.46882	
0.20924	0.97786	0.00000	12.46882	
0.20924	0.97786	0.00000	12.01242	
0.20924	0.97786	0.00000	12.01242	
0.20924	0.97786	0.00000	12.01242	
0.20924	0.97786	0.00000	12.01242	
0.20924	0.97786	0.00000	12.01242	
0.20924	0.97786	0.00000	12.01242	
0.20924	0.97786	0.00000	10.36511	
0.20924	0.97786	0.00000	10.36511	
0.20924	0.97786	0.00000	10.36511	
0.20924	0.97786	0.00000	10.36511	
0.20924	0.97786	0.00000	10.36511	
0.20924	0.97786	0.00000	10.36511	
0.20924	0.97786	0.00000	10.36511	
0.20924	0.97786	0.00000	8.30759	
0.20924	0.97786	0.00000	8.30759	
0.20924	0.97786	0.00000	8.30759	
0.20924	0.97786	0.00000	8.30759	
0.20924	0.97786	0.00000	8.30759	
0.20924	0.97786	0.00000	8.30759	
0.20924	0.97786	0.00000	5.45160	
0.20924	0.97786	0.00000	5.45160	
0.20924	0.97786	0.00000	5.45160	
0.20924	0.97786	0.00000	5.45160	
0.20924	0.97786	0.00000	5.45160	
0.20924	0.97786	0.00000	5.45160	
0.20924	0.97786	0.00000	10.33002	
0.20924	0.97786	0.00000	10.33002	
0.20924	0.97786	0.00000	10.33002	
0.20924	0.97786	0.00000	10.33002	
0.20924	0.97786	0.00000	10.33002	
0.20924	0.97786	0.00000	10.33002	
0.18964	0.98185	0.00000	12.59764	
0.18964	0.98185	0.00000	12.59764	
0.18964	0.98185	0.00000	12.59764	
0.18964	0.98185	0.00000	12.59764	
0.18964	0.98185	0.00000	12.59764	
0.18964	0.98185	0.00000	12.59764	
0.18964	0.98185	0.00000	12.59764	
0.18964	0.98185	0.00000	11.59197	
0.18964	0.98185	0.00000	11.59197	
0.18964	0.98185	0.00000	11.59197	
0.18964	0.98185	0.00000	11.59197	
0.18964	0.98185	0.00000	11.59197	
0.18964	0.98185	0.00000	11.59197	
0.18964	0.98185	0.00000	12.52286	
0.18964	0.98185	0.00000	12.52286	
0.18964	0.98185	0.00000	12.52286	
0.18964	0.98185	0.00000	12.52286	
0.18964	0.98185	0.00000	12.52286	
0.18964	0.98185	0.00000	12.52286	
0.18964	0.98185	0.00000	11.63783	
0.18964	0.98185	0.00000	11.63783	
0.18964	0.98185	0.00000	11.63783	
0.18964	0.98185	0.00000	11.63783	
0.18964	0.98185	0.00000	11.63783	
0.18964	0.98185	0.00000	11.63783	
0.18964	0.98185	0.00000	9.89258	
0.18964	0.98185	0.00000	9.89258	
0.18964	0.98185	0.00000	9.89258	
0.18964	0.98185	0.00000	9.89258	
0.18964	0.98185	0.00000	9.89258	
0.18964	0.98185	0.00000	9.89258	
0.18964	0.98185	0.00000	9.89258	
0.18964	0.98185	0.00000	8.01185	
0.18964	0.98185	0.00000	8.01185	
0.18964	0.98185	0.00000	8.01185	
0.18964	0.98185	0.00000	8.01185	
0.18964	0.98185	0.00000	8.01185	
0.18964	0.98185	0.00000	8.01185	
0.18964	0.98185	0.00000	5.53886	
0.18964	0.98185	0.00000	5.53886	
0.18964	0.98185	0.00000	5.53886	
0.18964	0.98185	0.00000	5.53886	
0.18964	0.98185	0.00000	5.53886	
0.18964	0.98185	0.00000	5.53886	
0.18964	0.98185	0.00000	11.05642	
0.18964	0.98185	0.00000	11.05642	
0.18964	0.98185	0.00000	11.05642	
0.18964	0.98185	0.00000	11.05642	
0.18964	0.98185	0.00000	11.05642	
0.18964	0.98185	0.00000	11.05642	
0.16997	0.98545	0.00000	12.59764	
0.16997	0.98545	0.00000	12.59764	
0.16997	0.98545	0.00000	12.59764	
0.16997	0.98545	0.00000	12.59764	
0.16997	0.98545	0.00000	12.59764	
0.16997	0.98545	0.00000	12.59764	
0.16997	0.98545	0.00000	12.59764	
0.16997	0.98545	0.00000	11.59197	
0.16997	0.98545	0.00000	11.59197	
0.16997	0.98545	0.00000	11.59197	
0.16997	0.98545	0.00000	11.59197	
0.16997	0.98545	0.00000	11.59197	
0.16997	0.98545	0.00000	11.59197	
0.16997	0.98545	0.00000	12.52286	
0.16997	0.98545	0.00000	12.52286	
0.16997	0.98545	0.00000	12.52286	
0.16997	0.98545	0.00000	12.52286	
0.16997	0.98545	0.00000	12.52286	
0.16997	0.98545	0.00000	12.52286	
0.16997	0.98545	0.00000	11.63783	
0.16997	0.98545	0.00000	11.63783	
0.16997	0.98545	0.00000	11.63783	
0.16997	0.98545	0.00000	11.63783	
0.16997	0.98545	0.00000	11.63783	
0.16997	0.98545	0.00000	11.63783	
0.16997	0.98545	0.00000	9.89258	
0.16997	0.98545	0.00000	9.89258	
0.16997	0.98545	0.00000	9.89258	
0.16997	0.98545	0.00000	9.89258	
0.16997	0.98545	0.00000	9.89258	
0.16997	0.98545	0.00000	9.89258	
0.16997	0.98545	0.00000	9.89258	
0.16997	0.98545	0.00000	8.01185	
0.16997	0.98545	0.00000	8.01185	
0.16997	0.98545	0.00000	8.01185	
0.16997	0.98545	0.00000	8.01185	
0.16997	0.98545	0.00000	8.01185	
0.16997	0.98545	0.00000	8.01185	
0.16997	0.98545	0.00000	5.53886	
0.16997	0.98545	0.00000	5.53886	
0.16997	0.98545	0.00000	5.53886	
0.16997	0.98545	0.00000	5.53886	
0.16997	0.98545	0.00000	5.53886	
0.16997	0.98545	0.00000	5.53886	
0.16997	0.98545	0.00000	11.05642	
0.16997	0.98545	0.00000	11.05642	
0.16997	0.98545	0.00000	11.05642	
0.16997	0.98545	0.00000	11.05642	
0.16997	0.98545	0.00000	11.05642	
0.16997	0.98545	0.00000	11.05642	
0.15023	0.98865	0.00000	12.59764	
0.15023	0.98865	0.00000	12.59764	
0.15023	0.98865	0.00000	12.59764	
0.15023	0.98865	0.00000	12.59764	
0.15023	0.98865	0.00000	12.59764	
0.15023	0.98865	0.00000	12.59764	
0.15023	0.98865	0.00000	12.59764	
0.15023	0.98865	0.00000	11.59197	
0.15023	0.98865	0.00000	11.59197	
0.15023	0.98865	0.00000	11.59197	
0.15023	0.98865	0.00000	11.59197	
0.15023	0.98865	0.00000	11.59197	
0.15023	0.98865	0.00000	11.59197	
0.15023	0.98865	0.00000	12.52286	
0.15023	0.98865	0.00000	12.52286	
0.15023	0.98865	0.00000	12.52286	
0.15023	0.98865	0.00000	12.52286	
0.15023	0.98865	0.00000	12.52286	
0.15023	0.98865	0.00000	12.52286	
0.15023	0.98865	0.00000	11.63783	
0.15023	0.98865	0.00000	11.63783	
0.15023	0.98865	0.00000	11.63783	
0.15023	0.98865	0.00000	11.63783	
0.15023	0.98865	0.00000	11.63783	
0.15023	0.98865	0.00000	11.63783	
0.15023	0.98865	0.00000	9.89258	
0.15023	0.98865	0.00000	9.89258	
0.15023	0.98865	0.00000	9.89258	
0.15023	0.98865	0.00000	9.89258	
0.15023	0.98865	0.00000	9.89258	
0.15023	0.98865	0.00000	9.89258	
0.15023	0.98865	0.00000	9.89258	
0.15023	0.98865	0.00000	8.01185	
0.15023	0.98865	0.00000	8.01185	
0.15023	0.98865	0.00000	8.01185	
0.15023	0.98865	0.00000	8.01185	
0.15023	0.98865	0.00000	8.01185	
0.15023	0.98865	0.00000	8.01185	
0.15023	0.98865	0.00000	5.53886	
0.15023	0.98865	0.00000	5.53886	
0.15023	0.98865	0.00000	5.53886	
0.15023	0.98865	0.00000	5.53886	
0.15023	0.98865	0.00000	5.53886	
0.15023	0.98865	0.00000	5.53886	
0.15023	0.98865	0.00000	11.05642	
0.15023	0.98865	0.00000	11.05642	
0.15023	0.98865	0.00000	11.05642	
0.15023	0.98865	0.00000	11.05642	
0.15023	0.98865	0.00000	11.05642	
0.15023	0.98865	0.00000	11.05642	
0.13042	0.99146	0.00000	12.59764	
0.13042	0.99146	0.00000	12.59764	
0.13042	0.99146	0.00000	12.59764	
0.13042	0.99146	0.00000	12.59764	
0.13042	0.99146	0.00000	12.59764	
0.13042	0.99146	0.00000	12.59764	
0.13042	0.99146	0.00000	12.59764	
0.13042	0.99146	0.00000	11.59197	
0.13042	0.99146	0.00000	11.59197	
0.13042	0.99146	0.00000	11.59197	
0.13042	0.99146	0.00000	11.59197	
0.13042	0.99146	0.00000	11.59197	
0.13042	0.99146	0.00000	11.59197	
0.13042	0.99146	0.00000	12.52286	
0.13042	0.99146	0.00000	12.52286	
0.13042	0.99146	0.00000	12.52286	
0.13042	0.99146	0.00000	12.52286	
0.13042	0.99146	0.00000	12.52286	
0.13042	0.99146	0.00000	12.52286	
0.13042	0.99146	0.00000	11.63783	
0.13042	0.99146	0.00000	11.63783	
0.13042	0.99146	0.00000	11.63783	
0.13042	0.99146	0.00000	11.63783	
0.13042	0.99146	0.00000	11.63783	
0.13042	0.99146	0.00000	11.63783	
0.13042	0.99146	0.00000	9.89258	
0.13042	0.99146	0.00000	9.89258	
0.13042	0.99146	0.00000	9.89258	
0.13042	0.99146	0.00000	9.89258	
0.13042	0.99146	0.00000	9.89258	
0.13042	0.99146	0.00000	9.89258	
0.13042	0.99146	0.00000	9.89258	
0.13042	0.99146	0.00000	8.01185	
0.13042	0.99146	0.00000	8.01185	
0.13042	0.99146	0.00000	8.01185	
0.13042	0.99146	0.00000	8.01185	
0.13042	0.99146	0.00000	8.01185	
0.13042	0.99146	0.00000	8.01185	
0.13042	0.99146	0.00000	5.53886	
0.13042	0.99146	0.00000	5.53886	
0.13042	0.99146	0.00000	5.53886	
0.13042	0.99146	0.00000	5.53886	
0.13042	0.99146	0.00000	5.53886	
0.13042	0.99146	0.00000	5.53886	
0.13042	0.99146	0.00000	11.05642	
0.13042	0.99146	0.00000	11.05642	
0.13042	0.99146	0.00000	11.05642	
0.13042	0.99146	0.00000	11.05642	
0.13042	0.99146	0.00000	11.05642	
0.13042	0.99146	0.00000	11.05642	
0.11057	0.99387	0.00000	12.59764	
0.11057	0.99387	0.00000	12.59764	
0.11057	0.99387	0.00000	12.59764	
0.11057	0.99387	0.00000	12.59764	
0.11057	0.99387	0.00000	12.59764	
0.11057	0.99387	0.00000	12.59764	
0.11057	0.99387	0.00000	12.59764	
0.11057	0.99387	0.00000	11.59197	
0.11057	0.99387	0.00000	11.59197	
0.11057	0.99387	0.00000	11.59197	
0.11057	0.99387	0.00000	11.59197	
0.11057	0.99387	0.00000	11.59197	
0.11057	0.99387	0.00000	11.59197	
0.11057	0.99387	0.00000	12.52286	
0.11057	0.99387	0.00000	12.52286	
0.11057	0.99387	0.00000	12.52286	
0.11057	0.99387	0.00000	12.52286	
0.11057	0.99387	0.00000	12.52286	
0.11057	0.99387	0.00000	12.52286	
0.11057	0.99387	0.00000	11.63783	
0.11057	0.99387	0.00000	11.63783	
0.11057	0.99387	0.00000	11.63783	
0.11057	0.99387	0.00000	11.63783	
0.11057	0.99387	0.00000	11.63783	
0.11057	0.99387	0.00000	11.63783	
0.11057	0.99387	0.00000	9.89258	
0.11057	0.99387	0.00000	9.89258	
0.11057	0.99387	0.00000	9.89258	
0.11057	0.99387	0.00000	9.89258	
0.11057	0.99387	0.00000	9.89258	
0.11057	0.99387	0.00000	9.89258	
0.11057	0.99387	0.00000	9.89258	
0.11057	0.99387	0.00000	8.01185	
0.11057	0.99387	0.00000	8.01185	
0.11057	0.99387	0.00000	8.01185	
0.11057	0.99387	0.00000	8.01185	
0.11057	0.99387	0.00000	8.01185	
0.11057	0.99387	0.00000	8.01185	
0.11057	0.99387	0.00000	5.53886	
0.11057	0.99387	0.00000	5.53886	
0.11057	0.99387	0.00000	5.53886	
0.11057	0.99387	0.00000	5.53886	
0.11057	0.99387	0.00000	5.53886	
0.11057	0.99387	0.00000	5.53886	
0.11057	0.99387	0.00000	11.05642	
0.11057	0.99387	0.00000	11.05642	
0.11057	0.99387	0.00000	11.05642	
0.11057	0.99387	0.00000	11.05642	
0.11057	0.99387	0.00000	11.05642	
0.11057	0.99387	0.00000	11.05642	
0.09067	0.99588	0.00000	12.59764	
0.09067	0.99588	0.00000	12.59764	
0.09067	0.99588	0.00000	12.59764	
0.09067	0.99588	0.00000	12.59764	
0.09067	0.99588	0.00000	12.59764	
0.09067	0.99588	0.00000	12.59764	
0.09067	0.99588	0.00000	12.59764	
0.09067	0.99588	0.00000	11.59197	
0.09067	0.99588	0.00000	11.59197	
0.09067	0.99588	0.00000	11.59197	
0.09067	0.99588	0.00000	11.59197	
0.09067	0.99588	0.00000	11.59197	
0.09067	0.99588	0.00000	11.59197	
0.09067	0.99588	0.00000	12.52286	
0.09067	0.99588	0.00000	12.52286	
0.09067	0.99588	0.00000	12.52286	
0.09067	0.99588	0.00000	12.52286	
0.09067	0.99588	0.00000	12.52286	
0.09067	0.99588	0.00000	12.52286	
0.09067	0.99588	0.00000	11.63783	
0.09067	0.99588	0.00000	11.63783	
0.09067	0.99588	0.00000	11.63783	
0.09067	0.99588	0.00000	11.63783	
0.09067	0.99588	0.00000	11.63783	
0.09067	0.99588	0.00000	11.63783	
0.09067	0.99588	0.00000	9.89258	
0.09067	0.99588	0.00000	9.89258	
0.09067	0.99588	0.00000	9.89258	
0.09067	0.99588	0.00000	9.89258	
0.09067	0.99588	0.00000	9.89258	
0.09067	0.99588	0.00000	9.89258	
0.09067	0.99588	0.00000	9.89258	
0.09067	0.99588	0.00000	8.01185	
0.09067	0.99588	0.00000	8.01185	
0.09067	0.99588	0.00000	8.01185	
0.09067	0.99588	0.00000	8.01185	
0.09067	0.99588	0.00000	8.01185	
0.09067	0.99588	0.00000	8.01185	
0.09067	0.99588	0.00000	5.53886	
0.09067	0.99588	0.00000	5.53886	
0.09067	0.99588	0.00000	5.53886	
0.09067	0.99588	0.00000	5.53886	
0.09067	0.99588	0.00000	5.53886	
0.09067	0.99588	0.00000	5.53886	
0.09067	0.99588	0.00000	11.05642	
0.09067	0.99588	0.00000	11.05642	
0.09067	0.99588	0.00000	11.05642	
0.09067	0.99588	0.00000	11.05642	
0.09067	0.99588	0.00000	11.05642	
0.09067	0.99588	0.00000	11.05642	
0.07074	0.99749	0.00000	14.76801	
0.07074	0.99749	0.00000	14.76801	
0.07074	0.99749	0.00000	14.76801	
0.07074	0.99749	0.00000	14.76801	
0.07074	0.99749	0.00000	14.76801	
0.07074	0.99749	0.00000	14.76801	
0.07074	0.99749	0.00000	14.76801	
0.07074	0.99749	0.00000	11.22387	
0.07074	0.99749	0.00000	11.22387	
0.07074	0.99749	0.00000	11.22387	
0.07074	0.99749	0.00000	11.22387	
0.07074	0.99749	0.00000	11.22387	
0.07074	0.99749	0.00000	11.22387	
0.07074	0.99749	0.00000	12.03679	
0.07074	0.99749	0.00000	12.03679	
0.07074	0.99749	0.00000	12.03679	
0.07074	0.99749	0.00000	12.03679	
0.07074	0.99749	0.00000	12.03679	
0.07074	0.99749	0.00000	12.03679	
0.07074	0.99749	0.00000	10.87103	
0.07074	0.99749	0.00000	10.87103	
0.07074	0.99749	0.00000	10.87103	
0.07074	0.99749	0.00000	10.87103	
0.07074	0.99749	0.00000	10.87103	
0.07074	0.99749	0.00000	10.87103	
0.07074	0.99749	0.00000	9.16896	
0.07074	0.99749	0.00000	9.16896	
0.07074	0.99749	0.00000	9.16896	
0.07074	0.99749	0.00000	9.16896	
0.07074	0.99749	0.00000	9.16896	
0.07074	0.99749	0.00000	9.16896	
0.07074	0.99749	0.00000	9.16896	
0.07074	0.99749	0.00000	7.54539	
0.07074	0.99749	0.00000	7.54539	
0.07074	0.99749	0.00000	7.54539	
0.07074	0.99749	0.00000	7.54539	
0.07074	0.99749	0.00000	7.54539	
0.07074	0.99749	0.00000	7.54539	
0.07074	0.99749	0.00000	5.47677	
0.07074	0.99749	0.00000	5.47677	
0.07074	0.99749	0.00000	5.47677	
0.07074	0.99749	0.00000	5.47677	
0.07074	0.99749	0.00000	5.47677	
0.07074	0.99749	0.00000	5.47677	
0.07074	0.99749	0.00000	11.32603	
0.07074	0.99749	0.00000	11.32603	
0.07074	0.99749	0.00000	11.32603	
0.07074	0.99749	0.00000	11.32603	
0.07074	0.99749	0.00000	11.32603	
0.07074	0.99749	0.00000	11.32603	
0.05077	0.99871	0.00000	14.76801	
0.05077	0.99871	0.00000	14.76801	
0.05077	0.99871	0.00000	14.76801	
0.05077	0.99871	0.00000	14.76801	
0.05077	0.99871	0.00000	14.76801	
0.05077	0.99871	0.00000	14.76801	
0.05077	0.99871	0.00000	14.76801	
0.05077	0.99871	0.00000	11.22387	
0.05077	0.99871	0.00000	11.22387	
0.05077	0.99871	0.00000	11.22387	
0.05077	0.99871	0.00000	11.22387	
0.05077	0.99871	0.00000	11.22387	
0.05077	0.99871	0.00000	11.22387	
0.05077	0.99871	0.00000	12.03679	
0.05077	0.99871	0.00000	12.03679	
0.05077	0.99871	0.00000	12.03679	
0.05077	0.99871	0.00000	12.03679	
0.05077	0.99871	0.00000	12.03679	
0.05077	0.99871	0.00000	12.03679	
0.05077	0.99871	0.00000	10.87103	
0.05077	0.99871	0.00000	10.87103	
0.05077	0.99871	0.00000	10.87103	
0.05077	0.99871	0.00000	10.87103	
0.05077	0.99871	0.00000	10.87103	
0.05077	0.99871	0.00000	10.87103	
0.05077	0.99871	0.00000	9.16896	
0.05077	0.99871	0.00000	9.16896	
0.05077	0.99871	0.00000	9.16896	
0.05077	0.99871	0.00000	9.16896	
0.05077	0.99871	0.00000	9.16896	
0.05077	0.99871	0.00000	9.16896	
0.05077	0.99871	0.00000	9.16896	
0.05077	0.99871	0.00000	7.54539	
0.05077	0.99871	0.00000	7.54539	
0.05077	0.99871	0.00000	7.54539	
0.05077	0.99871	0.00000	7.54539	
0.05077	0.99871	0.00000	7.54539	
0.05077	0.99871	0.00000	7.54539	
0.05077	0.99871	0.00000	5.47677	
0.05077	0.99871	0.00000	5.47677	
0.05077	0.99871	0.00000	5.47677	
0.05077	0.99871	0.00000	5.47677	
0.05077	0.99871	0.00000	5.47677	
0.05077	0.99871	0.00000	5.47677	
0.05077	0.99871	0.00000	11.32603	
0.05077	0.99871	0.00000	11.32603	
0.05077	0.99871	0.00000	11.32603	
0.05077	0.99871	0.00000	11.32603	
0.05077	0.99871	0.00000	11.32603	
0.05077	0.99871	0.00000	11.32603	
0.03079	0.99953	0.00000	14.76801	
0.03079	0.99953	0.00000	14.76801	
0.03079	0.99953	0.00000	14.76801	
0.03079	0.99953	0.00000	14.76801	
0.03079	0.99953	0.00000	14.76801	
0.03079	0.99953	0.00000	14.76801	
0.03079	0.99953	0.00000	14.76801	
0.03079	0.99953	0.00000	11.22387	
0.03079	0.99953	0.00000	11.22387	
0.03079	0.99953	0.00000	11.22387	
0.03079	0.99953	0.00000	11.22387	
0.03079	0.99953	0.00000	11.22387	
0.03079	0.99953	0.00000	11.22387	
0.03079	0.99953	0.00000	12.03679	
0.03079	0.99953	0.00000	12.03679	
0.03079	0.99953	0.00000	12.03679	
0.03079	0.99953	0.00000	12.03679	
0.03079	0.99953	0.00000	12.03679	
0.03079	0.99953	0.00000	12.03679	
0.03079	0.99953	0.00000	10.87103	
0.03079	0.99953	0.00000	10.87103	
0.03079	0.99953	0.00000	10.87103	
0.03079	0.99953	0.00000	10.87103	
0.03079	0.99953	0.00000	10.87103	
0.03079	0.99953	0.00000	10.87103	
0.03079	0.99953	0.00000	9.16896	
0.03079	0.99953	0.00000	9.16896	
0.03079	0.99953	0.00000	9.16896	
0.03079	0.99953	0.00000	9.16896	
0.03079	0.99953	0.00000	9.16896	
0.03079	0.99953	0.00000	9.16896	
0.03079	0.99953	0.00000	9.16896	
0.03079	0.99953	0.00000	7.54539	
0.03079	0.99953	0.00000	7.54539	
0.03079	0.99953	0.00000	7.54539	
0.03079	0.99953	0.00000	7.54539	
0.03079	0.99953	0.00000	7.54539	
0.03079	0.99953	0.00000	7.54539	
0.03079	0.99953	0.00000	5.47677	
0.03079	0.99953	0.00000	5.47677	
0.03079	0.99953	0.00000	5.47677	
0.03079	0.99953	0.00000	5.47677	
0.03079	0.99953	0.00000	5.47677	
0.03079	0.99953	0.00000	5.47677	
0.03079	0.99953	0.00000	11.32603	
0.03079	0.99953	0.00000	11.32603	
0.03079	0.99953	0.00000	11.32603	
0.03079	0.99953	0.00000	11.32603	
0.03079	0.99953	0.00000	11.32603	
0.03079	0.99953	0.00000	11.32603	
0.01080	0.99994	0.00000	14.76801	
0.01080	0.99994	0.00000	14.76801	
0.01080	0.99994	0.00000	14.76801	
0.01080	0.99994	0.00000	14.76801	
0.01080	0.99994	0.00000	14.76801	
0.01080	0.99994	0.00000	14.76801	
0.01080	0.99994	0.00000	14.76801	
0.01080	0.99994	0.00000	11.22387	
0.01080	0.99994	0.00000	11.22387	
0.01080	0.99994	0.00000	11.22387	
0.01080	0.99994	0.00000	11.22387	
0.01080	0.99994	0.00000	11.22387	
0.01080	0.99994	0.00000	11.22387	
0.01080	0.99994	0.00000	12.03679	
0.01080	0.99994	0.00000	12.03679	
0.01080	0.99994	0.00000	12.03679	
0.01080	0.99994	0.00000	12.03679	
0.01080	0.99994	0.00000	12.03679	
0.01080	0.99994	0.00000	12.03679	
0.01080	0.99994	0.00000	10.87103	
0.01080	0.99994	0.00000	10.87103	
0.01080	0.99994	0.00000	10.87103	
0.01080	0.99994	0.00000	10.87103	
0.01080	0.99994	0.00000	10.87103	
0.01080	0.99994	0.00000	10.87103	
0.01080	0.99994	0.00000	9.16896	
0.01080	0.99994	0.00000	9.16896	
0.01080	0.99994	0.00000	9.16896	
0.01080	0.99994	0.00000	9.16896	
0.01080	0.99994	0.00000	9.16896	
0.01080	0.99994	0.00000	9.16896	
0.01080	0.99994	0.00000	9.16896	
0.01080	0.99994	0.00000	7.54539	
0.01080	0.99994	0.00000	7.54539	
0.01080	0.99994	0.00000	7.54539	
0.01080	0.99994	0.00000	7.54539	
0.01080	0.99994	0.00000	7.54539	
0.01080	0.99994	0.00000	7.54539	
0.01080	0.99994	0.00000	5.47677	
0.01080	0.99994	0.00000	5.47677	
0.01080	0.99994	0.00000	5.47677	
0.01080	0.99994	0.00000	5.47677	
0.01080	0.99994	0.00000	5.47677	
0.01080	0.99994	0.00000	5.47677	
0.01080	0.99994	0.00000	11.32603	
0.01080	0.99994	0.00000	11.32603	
0.01080	0.99994	0.00000	11.32603	
0.01080	0.99994	0.00000	11.32603	
0.01080	0.99994	0.00000	11.32603	
0.01080	0.99994	0.00000	11.32603	
-0.00920	0.99996	0.00000	14.76801	
-0.00920	0.99996	0.00000	14.76801	
-0.00920	0.99996	0.00000	14.76801	
-0.00920	0.99996	0.00000	14.76801	
-0.00920	0.99996	0.00000	14.76801	
-0.00920	0.99996	0.00000	14.76801	
-0.00920	0.99996	0.00000	14.76801	
-0.00920	0.99996	0.00000	11.22387	
-0.00920	0.99996	0.00000	11.22387	
-0.00920	0.99996	0.00000	11.22387	
-0.00920	0.99996	0.00000	11.22387	
-0.00920	0.99996	0.00000	11.22387	
-0.00920	0.99996	0.00000	11.22387	
-0.00920	0.99996	0.00000	12.03679	
-0.00920	0.99996	0.00000	12.03679	
-0.00920	0.99996	0.00000	12.03679	
-0.00920	0.99996	0.00000	12.03679	
-0.00920	0.99996	0.00000	12.03679	
-0.00920	0.99996	0.00000	12.03679	
-0.00920	0.99996	0.00000	10.87103	
-0.00920	0.99996	0.00000	10.87103	
-0.00920	0.99996	0.00000	10.87103	
-0.00920	0.99996	0.00000	10.87103	
-0.00920	0.99996	0.00000	10.87103	
-0.00920	0.99996	0.00000	10.87103	
-0.00920	0.99996	0.00000	9.16896	
-0.00920	0.99996	0.00000	9.16896	
-0.00920	0.99996	0.00000	9.16896	
-0.00920	0.99996	0.00000	9.16896	
-0.00920	0.99996	0.00000	9.16896	
-0.00920	0.99996	0.00000	9.16896	
-0.00920	0.99996	0.00000	9.16896	
-0.00920	0.99996	0.00000	7.54539	
-0.00920	0.99996	0.00000	7.54539	
-0.00920	0.99996	0.00000	7.54539	
-0.00920	0.99996	0.00000	7.54539	
-0.00920	0.99996	0.00000	7.54539	
-0.00920	0.99996	0.00000	7.54539	
-0.00920	0.99996	0.00000	5.47677	
-0.00920	0.99996	0.00000	5.47677	
-0.00920	0.99996	0.00000	5.47677	
-0.00920	0.99996	0.00000	5.47677	
-0.00920	0.99996	0.00000	5.47677	
-0.00920	0.99996	0.00000	5.47677	
-0.00920	0.99996	0.00000	11.32603	
-0.00920	0.99996	0.00000	11.32603	
-0.00920	0.99996	0.00000	11.32603	
-0.00920	0.99996	0.00000	11.32603	
-0.00920	0.99996	0.00000	11.32603	
-0.00920	0.99996	0.00000	11.32603	
-0.02920	0.99957	0.00000	14.76801	
-0.02920	0.99957	0.00000	14.76801	
-0.02920	0.99957	0.00000	14.76801	
-0.02920	0.99957	0.00000	14.76801	
-0.02920	0.99957	0.00000	14.76801	
-0.02920	0.99957	0.00000	14.76801	
-0.02920	0.99957	0.00000	14.76801	
-0.02920	0.99957	0.00000	11.22387	
-0.02920	0.99957	0.00000	11.22387	
-0.02920	0.99957	0.00000	11.22387	
-0.02920	0.99957	0.00000	11.22387	
-0.02920	0.99957	0.00000	11.22387	
-0.02920	0.99957	0.00000	11.22387	
-0.02920	0.99957	0.00000	12.03679	
-0.02920	0.99957	0.00000	12.03679	
-0.02920	0.99957	0.00000	12.03679	
-0.02920	0.99957	0.00000	12.03679	
-0.02920	0.99957	0.00000	12.03679	
-0.02920	0.99957	0.00000	12.03679	
-0.02920	0.99957	0.00000	10.87103	
-0.02920	0.99957	0.00000	10.87103	
-0.02920	0.99957	0.00000	10.87103	
-0.02920	0.99957	0.00000	10.87103	
-0.02920	0.99957	0.00000	10.87103	
-0.02920	0.99957	0.00000	10.87103	
-0.02920	0.99957	0.00000	9.16896	
-0.02920	0.99957	0.00000	9.16896	
-0.02920	0.99957	0.00000	9.16896	
-0.02920	0.99957	0.00000	9.16896	
-0.02920	0.99957	0.00000	9.16896	
-0.02920	0.99957	0.00000	9.16896	
-0.02920	0.99957	0.00000	9.16896	
-0.02920	0.99957	0.00000	7.54539	
-0.02920	0.99957	0.00000	7.54539	
-0.02920	0.99957	0.00000	7.54539	
-0.02920	0.99957	0.00000	7.54539	
-0.02920	0.99957	0.00000	7.54539	
-0.02920	0.99957	0.00000	7.54539	
-0.02920	0.99957	0.00000	5.47677	
-0.02920	0.99957	0.00000	5.47677	
-0.02920	0.99957	0.00000	5.47677	
-0.02920	0.99957	0.00000	5.47677	
-0.02920	0.99957	0.00000	5.47677	
-0.02920	0.99957	0.00000	5.47677	
-0.02920	0.99957	0.00000	11.32603	
-0.02920	0.99957	0.00000	11.32603	
-0.02920	0.99957	0.00000	11.32603	
-0.02920	0.99957	0.00000	11.32603	
-0.02920	0.99957	0.00000	11.32603	
-0.02920	0.99957	0.00000	11.32603	
-0.04918	0.99879	0.00000	14.76801	
-0.04918	0.99879	0.00000	14.76801	
-0.04918	0.99879	0.00000	14.76801	
-0.04918	0.99879	0.00000	14.76801	
-0.04918	0.99879	0.00000	14.76801	
-0.04918	0.99879	0.00000	14.76801	
-0.04918	0.99879	0.00000	14.76801	
-0.04918	0.99879	0.00000	11.22387	
-0.04918	0.99879	0.00000	11.22387	
-0.04918	0.99879	0.00000	11.22387	
-0.04918	0.99879	0.00000	11.22387	
-0.04918	0.99879	0.00000	11.22387	
-0.04918	0.99879	0.00000	11.22387	
-0.04918	0.99879	0.00000	12.03679	
-0.04918	0.99879	0.00000	12.03679	
-0.04918	0.99879	0.00000	12.03679	
-0.04918	0.99879	0.00000	12.03679	
-0.04918	0.99879	0.00000	12.03679	
-0.04918	0.99879	0.00000	12.03679	
-0.04918	0.99879	0.00000	10.87103	
-0.04918	0.99879	0.00000	10.87103	
-0.04918	0.99879	0.00000	10.87103	
-0.04918	0.99879	0.00000	10.87103	
-0.04918	0.99879	0.00000	10.87103	
-0.04918	0.99879	0.00000	10.87103	
-0.04918	0.99879	0.00000	9.16896	
-0.04918	0.99879	0.00000	9.16896	
-0.04918	0.99879	0.00000	9.16896	
-0.04918	0.99879	0.00000	9.16896	
-0.04918	0.99879	0.00000	9.16896	
-0.04918	0.99879	0.00000	9.16896	
-0.04918	0.99879	0.00000	9.16896	
-0.04918	0.99879	0.00000	7.54539	
-0.04918	0.99879	0.00000	7.54539	
-0.04918	0.99879	0.00000	7.54539	
-0.04918	0.99879	0.00000	7.54539	
-0.04918	0.99879	0.00000	7.54539	
-0.04918	0.99879	0.00000	7.54539	
-0.04918	0.99879	0.00000	5.47677	
-0.04918	0.99879	0.00000	5.47677	
-0.04918	0.99879	0.00000	5.47677	
-0.04918	0.99879	0.00000	5.47677	
-0.04918	0.99879	0.00000	5.47677	
-0.04918	0.99879	0.00000	5.47677	
-0.04918	0.99879	0.00000	11.32603	
-0.04918	0.99879	0.00000	11.32603	
-0.04918	0.99879	0.00000	11.32603	
-0.04918	0.99879	0.00000	11.32603	
-0.04918	0.99879	0.00000	11.32603	
-0.04918	0.99879	0.00000	11.32603	
-0.06915	0.99761	0.00000	15.91216	
-0.06915	0.99761	0.00000	15.91216	
-0.06915	0.99761	0.00000	15.91216	
-0.06915	0.99761	0.00000	15.91216	
-0.06915	0.99761	0.00000	15.91216	
-0.06915	0.99761	0.00000	15.91216	
-0.06915	0.99761	0.00000	15.91216	
-0.06915	0.99761	0.00000	10.24361	
-0.06915	0.99761	0.00000	10.24361	
-0.06915	0.99761	0.00000	10.24361	
-0.06915	0.99761	0.00000	10.24361	
-0.06915	0.99761	0.00000	10.24361	
-0.06915	0.99761	0.00000	10.24361	
-0.06915	0.99761	0.00000	10.89286	
-0.06915	0.99761	0.00000	10.89286	
-0.06915	0.99761	0.00000	10.89286	
-0.06915	0.99761	0.00000	10.89286	
-0.06915	0.99761	0.00000	10.89286	
-0.06915	0.99761	0.00000	10.89286	
-0.06915	0.99761	0.00000	9.58181	
-0.06915	0.99761	0.00000	9.58181	
-0.06915	0.99761	0.00000	9.58181	
-0.06915	0.99761	0.00000	9.58181	
-0.06915	0.99761	0.00000	9.58181	
-0.06915	0.99761	0.00000	9.58181	
-0.06915	0.99761	0.00000	8.08387	
-0.06915	0.99761	0.00000	8.08387	
-0.06915	0.99761	0.00000	8.08387	
-0.06915	0.99761	0.00000	8.08387	
-0.06915	0.99761	0.00000	8.08387	
-0.06915	0.99761	0.00000	8.08387	
-0.06915	0.99761	0.00000	8.08387	
-0.06915	0.99761	0.00000	6.86701	
-0.06915	0.99761	0.00000	6.86701	
-0.06915	0.99761	0.00000	6.86701	
-0.06915	0.99761	0.00000	6.86701	
-0.06915	0.99761	0.00000	6.86701	
-0.06915	0.99761	0.00000	6.86701	
-0.06915	0.99761	0.00000	5.30516	
-0.06915	0.99761	0.00000	5.30516	
-0.06915	0.99761	0.00000	5.30516	
-0.06915	0.99761	0.00000	5.30516	
-0.06915	0.99761	0.00000	5.30516	
-0.06915	0.99761	0.00000	5.30516	
-0.06915	0.99761	0.00000	11.28916	
-0.06915	0.99761	0.00000	11.28916	
-0.06915	0.99761	0.00000	11.28916	
-0.06915	0.99761	0.00000	11.28916	
-0.06915	0.99761	0.00000	11.28916	
-0.06915	0.99761	0.00000	11.28916	
-0.08909	0.99602	0.00000	15.91216	
-0.08909	0.99602	0.00000	15.91216	
-0.08909	0.99602	0.00000	15.91216	
-0.08909	0.99602	0.00000	15.91216	
-0.08909	0.99602	0.00000	15.91216	
-0.08909	0.99602	0.00000	15.91216	
-0.08909	0.99602	0.00000	15.91216	
-0.08909	0.99602	0.00000	10.24361	
-0.08909	0.99602	0.00000	10.24361	
-0.08909	0.99602	0.00000	10.24361	
-0.08909	0.99602	0.00000	10.24361	
-0.08909	0.99602	0.00000	10.24361	
-0.08909	0.99602	0.00000	10.24361	
-0.08909	0.99602	0.00000	10.89286	
-0.08909	0.99602	0.00000	10.89286	
-0.08909	0.99602	0.00000	10.89286	
-0.08909	0.99602	0.00000	10.89286	
-0.08909	0.99602	0.00000	10.89286	
-0.08909	0.99602	0.00000	10.89286	
-0.08909	0.99602	0.00000	9.58181	
-0.08909	0.99602	0.00000	9.58181	
-0.08909	0.99602	0.00000	9.58181	
-0.08909	0.99602	0.00000	9.58181	
-0.08909	0.99602	0.00000	9.58181	
-0.08909	0.99602	0.00000	9.58181	
-0.08909	0.99602	0.00000	8.08387	
-0.08909	0.99602	0.00000	8.08387	
-0.08909	0.99602	0.00000	8.08387	
-0.08909	0.99602	0.00000	8.08387	
-0.08909	0.99602	0.00000	8.08387	
-0.08909	0.99602	0.00000	8.08387	
-0.08909	0.99602	0.00000	8.08387	
-0.08909	0.99602	0.00000	6.86701	
-0.08909	0.99602	0.00000	6.86701	
-0.08909	0.99602	0.00000	6.86701	
-0.08909	0.99602	0.00000	6.86701	
-0.08909	0.99602	0.00000	6.86701	
-0.08909	0.99602	0.00000	6.86701	
-0.08909	0.99602	0.00000	5.30516	
-0.08909	0.99602	0.00000	5.30516	
-0.08909	0.99602	0.00000	5.30516	
-0.08909	0.99602	0.00000	5.30516	
-0.08909	0.99602	0.00000	5.30516	
-0.08909	0.99602	0.00000	5.30516	
-0.08909	0.99602	0.00000	11.28916	
-0.08909	0.99602	0.00000	11.28916	
-0.08909	0.99602	0.00000	11.28916	
-0.08909	0.99602	0.00000	11.28916	
-0.08909	0.99602	0.00000	11.28916	
-0.08909	0.99602	0.00000	11.28916	
-0.10899	0.99404	0.00000	15.91216	
-0.10899	0.99404	0.00000	15.91216	
-0.10899	0.99404	0.00000	15.91216	
-0.10899	0.99404	0.00000	15.91216	
-0.10899	0.99404	0.00000	15.91216	
-0.10899	0.99404	0.00000	15.91216	
-0.10899	0.99404	0.00000	15.91216	
-0.10899	0.99404	0.00000	10.24361	
-0.10899	0.99404	0.00000	10.24361	
-0.10899	0.99404	0.00000	10.24361	
-0.10899	0.99404	0.00000	10.24361	
-0.10899	0.99404	0.00000	10.24361	
-0.10899	0.99404	0.00000	10.24361	
-0.10899	0.99404	0.00000	10.89286	
-0.10899	0.99404	0.00000	10.89286	
-0.10899	0.99404	0.00000	10.89286	
-0.10899	0.99404	0.00000	10.89286	
-0.10899	0.99404	0.00000	10.89286	
-0.10899	0.99404	0.00000	10.89286	
-0.10899	0.99404	0.00000	9.58181	
-0.10899	0.99404	0.00000	9.58181	
-0.10899	0.99404	0.00000	9.58181	
-0.10899	0.99404	0.00000	9.58181	
-0.10899	0.99404	0.00000	9.58181	
-0.10899	0.99404	0.00000	9.58181	
-0.10899	0.99404	0.00000	8.08387	
-0.10899	0.99404	0.00000	8.08387	
-0.10899	0.99404	0.00000	8.08387	
-0.10899	0.99404	0.00000	8.08387	
-0.10899	0.99404	0.00000	8.08387	
-0.10899	0.99404	0.00000	8.08387	
-0.10899	0.99404	0.00000	8.08387	
-0.10899	0.99404	0.00000	6.86701	
-0.10899	0.99404	0.00000	6.86701	
-0.10899	0.99404	0.00000	6.86701	
-0.10899	0.99404	0.00000	6.86701	
-0.10899	0.99404	0.00000	6.86701	
-0.10899	0.99404	0.00000	6.86701	
-0.10899	0.99404	0.00000	5.30516	
-0.10899	0.99404	0.00000	5.30516	
-0.10899	0.99404	0.00000	5.30516	
-0.10899	0.99404	0.00000	5.30516	
-0.10899	0.99404	0.00000	5.30516	
-0.10899	0.99404	0.00000	5.30516	
-0.10899	0.99404	0.00000	11.28916	
-0.10899	0.99404	0.00000	11.28916	
-0.10899	0.99404	0.00000	11.28916	
-0.10899	0.99404	0.00000	11.28916	
-0.10899	0.99404	0.00000	11.28916	
-0.10899	0.99404	0.00000	11.28916	
-0.12884	0.99166	0.00000	15.91216	
-0.12884	0.99166	0.00000	15.91216	
-0.12884	0.99166	0.00000	15.91216	
-0.12884	0.99166	0.00000	15.91216	
-0.12884	0.99166	0.00000	15.91216	
-0.12884	0.99166	0.00000	15.91216	
-0.12884	0.99166	0.00000	15.91216	
-0.12884	0.99166	0.00000	10.24361	
-0.12884	0.99166	0.00000	10.24361	
-0.12884	0.99166	0.00000	10.24361	
-0.12884	0.99166	0.00000	10.24361	
-0.12884	0.99166	0.00000	10.24361	
-0.12884	0.99166	0.00000	10.24361	
-0.12884	0.99166	0.00000	10.89286	
-0.12884	0.99166	0.00000	10.89286	
-0.12884	0.99166	0.00000	10.89286	
-0.12884	0.99166	0.00000	10.89286	
-0.12884	0.99166	0.00000	10.89286	
-0.12884	0.99166	0.00000	10.89286	
-0.12884	0.99166	0.00000	9.58181	
-0.12884	0.99166	0.00000	9.58181	
-0.12884	0.99166	0.00000	9.58181	
-0.12884	0.99166	0.00000	9.58181	
-0.12884	0.99166	0.00000	9.58181	
-0.12884	0.99166	0.00000	9.58181	
-0.12884	0.99166	0.00000	8.08387	
-0.12884	0.99166	0.00000	8.08387	
-0.12884	0.99166	0.00000	8.08387	
-0.12884	0.99166	0.00000	8.08387	
-0.12884	0.99166	0.00000	8.08387	
-0.12884	0.99166	0.00000	8.08387	
-0.12884	0.99166	0.00000	8.08387	
-0.12884	0.99166	0.00000	6.86701	
-0.12884	0.99166	0.00000	6.86701	
-0.12884	0.99166	0.00000	6.86701	
-0.12884	0.99166	0.00000	6.86701	
-0.12884	0.99166	0.00000	6.86701	
-0.12884	0.99166	0.00000	6.86701	
-0.12884	0.99166	0.00000	5.30516	
-0.12884	0.99166	0.00000	5.30516	
-0.12884	0.99166	0.00000	5.30516	
-0.12884	0.99166	0.00000	5.30516	
-0.12884	0.99166	0.00000	5.30516	
-0.12884	0.99166	0.00000	5.30516	
-0.12884	0.99166	0.00000	11.28916	
-0.12884	0.99166	0.00000	11.28916	
-0.12884	0.99166	0.00000	11.28916	
-0.12884	0.99166	0.00000	11.28916	
-0.12884	0.99166	0.00000	11.28916	
-0.12884	0.99166	0.00000	11.28916	
-0.14865	0.98889	0.00000	15.91216	
-0.14865	0.98889	0.00000	15.91216	
-0.14865	0.98889	0.00000	15.91216	
-0.14865	0.98889	0.00000	15.91216	
-0.14865	0.98889	0.00000	15.91216	
-0.14865	0.98889	0.00000	15.91216	
-0.14865	0.98889	0.00000	15.91216	
-0.14865	0.98889	0.00000	10.24361	
-0.14865	0.98889	0.00000	10.24361	
-0.14865	0.98889	0.00000	10.24361	
-0.14865	0.98889	0.00000	10.24361	
-0.14865	0.98889	0.00000	10.24361	
-0.14865	0.98889	0.00000	10.24361	
-0.14865	0.98889	0.00000	10.89286	
-0.14865	0.98889	0.00000	10.89286	
-0.14865	0.98889	0.00000	10.89286	
-0.14865	0.98889	0.00000	10.89286	
-0.14865	0.98889	0.00000	10.89286	
-0.14865	0.98889	0.00000	10.89286	
-0.14865	0.98889	0.00000	9.58181	
-0.14865	0.98889	0.00000	9.58181	
-0.14865	0.98889	0.00000	9.58181	
-0.14865	0.98889	0.00000	9.58181	
-0.14865	0.98889	0.00000	9.58181	
-0.14865	0.98889	0.00000	9.58181	
-0.14865	0.98889	0.00000	8.08387	
-0.14865	0.98889	0.00000	8.08387	
-0.14865	0.98889	0.00000	8.08387	
-0.14865	0.98889	0.00000	8.08387	
-0.14865	0.98889	0.00000	8.08387	
-0.14865	0.98889	0.00000	8.08387	
-0.14865	0.98889	0.00000	8.08387	
-0.14865	0.98889	0.00000	6.86701	
-0.14865	0.98889	0.00000	6.86701	
-0.14865	0.98889	0.00000	6.86701	
-0.14865	0.98889	0.00000	6.86701	
-0.14865	0.98889	0.00000	6.86701	
-0.14865	0.98889	0.00000	6.86701	
-0.14865	0.98889	0.00000	5.30516	
-0.14865	0.98889	0.00000	5.30516	
-0.14865	0.98889	0.00000	5.30516	
-0.14865	0.98889	0.00000	5.30516	
-0.14865	0.98889	0.00000	5.30516	
-0.14865	0.98889	0.00000	5.30516	
-0.14865	0.98889	0.00000	11.28916	
-0.14865	0.98889	0.00000	11.28916	
-0.14865	0.98889	0.00000	11.28916	
-0.14865	0.98889	0.00000	11.28916	
-0.14865	0.98889	0.00000	11.28916	
-0.14865	0.98889	0.00000	11.28916	
-0.16840	0.98572	0.00000	15.91216	
-0.16840	0.98572	0.00000	15.91216	
-0.16840	0.98572	0.00000	15.91216	
-0.16840	0.98572	0.00000	15.91216	
-0.16840	0.98572	0.00000	15.91216	
-0.16840	0.98572	0.00000	15.91216	
-0.16840	0.98572	0.00000	15.91216	
-0.16840	0.98572	0.00000	10.24361	
-0.16840	0.98572	0.00000	10.24361	
-0.16840	0.98572	0.00000	10.24361	
-0.16840	0.98572	0.00000	10.24361	
-0.16840	0.98572	0.00000	10.24361	
-0.16840	0.98572	0.00000	10.24361	
-0.16840	0.98572	0.00000	10.89286	
-0.16840	0.98572	0.00000	10.89286	
-0.16840	0.98572	0.00000	10.89286	
-0.16840	0.98572	0.00000	10.89286	
-0.16840	0.98572	0.00000	10.89286	
-0.16840	0.98572	0.00000	10.89286	
-0.16840	0.98572	0.00000	9.58181	
-0.16840	0.98572	0.00000	9.58181	
-0.16840	0.98572	0.00000	9.58181	
-0.16840	0.98572	0.00000	9.58181	
-0.16840	0.98572	0.00000	9.58181	
-0.16840	0.98572	0.00000	9.58181	
-0.16840	0.98572	0.00000	8.08387	
-0.16840	0.98572	0.00000	8.08387	
-0.16840	0.98572	0.00000	8.08387	
-0.16840	0.98572	0.00000	8.08387	
-0.16840	0.98572	0.00000	8.08387	
-0.16840	0.98572	0.00000	8.08387	
-0.16840	0.98572	0.00000	8.08387	
-0.16840	0.98572	0.00000	6.86701	
-0.16840	0.98572	0.00000	6.86701	
-0.16840	0.98572	0.00000	6.86701	
-0.16840	0.98572	0.00000	6.86701	
-0.16840	0.98572	0.00000	6.86701	
-0.16840	0.98572	0.00000	6.86701	
-0.16840	0.98572	0.00000	5.30516	
-0.16840	0.98572	0.00000	5.30516	
-0.16840	0.98572	0.00000	5.30516	
-0.16840	0.98572	0.00000	5.30516	
-0.16840	0.98572	0.00000	5.30516	
-0.16840	0.98572	0.00000	5.30516	
-0.16840	0.98572	0.00000	11.28916	
-0.16840	0.98572	0.00000	11.28916	
-0.16840	0.98572	0.00000	11.28916	
-0.16840	0.98572	0.00000	11.28916	
-0.16840	0.98572	0.00000	11.28916	
-0.16840	0.98572	0.00000	11.28916	
-0.18808	0.98215	0.00000	15.01031	
-0.18808	0.98215	0.00000	15.01031	
-0.18808	0.98215	0.00000	15.01031	
-0.18808	0.98215	0.00000	15.01031	
-0.18808	0.98215	0.00000	15.01031	
-0.18808	0.98215	0.00000	15.01031	
-0.18808	0.98215	0.00000	15.01031	
-0.18808	0.98215	0.00000	8.00668	
-0.18808	0.98215	0.00000	8.00668	
-0.18808	0.98215	0.00000	8.00668	
-0.18808	0.98215	0.00000	8.00668	
-0.18808	0.98215	0.00000	8.00668	
-0.18808	0.98215	0.00000	8.00668	
-0.18808	0.98215	0.00000	8.52005	
-0.18808	0.98215	0.00000	8.52005	
-0.18808	0.98215	0.00000	8.52005	
-0.18808	0.98215	0.00000	8.52005	
-0.18808	0.98215	0.00000	8.52005	
-0.18808	0.98215	0.00000	8.52005	
-0.18808	0.98215	0.00000	7.21587	
-0.18808	0.98215	0.00000	7.21587	
-0.18808	0.98215	0.00000	7.21587	
-0.18808	0.98215	0.00000	7.21587	
-0.18808	0.98215	0.00000	7.21587	
-0.18808	0.98215	0.00000	7.21587	
-0.18808	0.98215	0.00000	6.07167	
-0.18808	0.98215	0.00000	6.07167	
-0.18808	0.98215	0.00000	6.07167	
-0.18808	0.98215	0.00000	6.07167	
-0.18808	0.98215	0.00000	6.07167	
-0.18808	0.98215	0.00000	6.07167	
-0.18808	0.98215	0.00000	6.07167	
-0.18808	0.98215	0.00000	5.34593	
-0.18808	0.98215	0.00000	5.34593	
-0.18808	0.98215	0.00000	5.34593	
-0.18808	0.98215	0.00000	5.34593	
-0.18808	0.98215	0.00000	5.34593	
-0.18808	0.98215	0.00000	5.34593	
-0.18808	0.98215	0.00000	4.48405	
-0.18808	0.98215	0.00000	4.48405	
-0.18808	0.98215	0.00000	4.48405	
-0.18808	0.98215	0.00000	4.48405	
-0.18808	0.98215	0.00000	4.48405	
-0.18808	0.98215	0.00000	4.48405	
-0.18808	0.98215	0.00000	9.84243	
-0.18808	0.98215	0.00000	9.84243	
-0.18808	0.98215	0.00000	9.84243	
-0.18808	0.98215	0.00000	9.84243	
-0.18808	0.98215	0.00000	9.84243	
-0.18808	0.98215	0.00000	9.84243	
-0.20768	0.97820	0.00000	15.01031	
-0.20768	0.97820	0.00000	15.01031	
-0.20768	0.97820	0.00000	15.01031	
-0.20768	0.97820	0.00000	15.01031	
-0.20768	0.97820	0.00000	15.01031	
-0.20768	0.97820	0.00000	15.01031	
-0.20768	0.97820	0.00000	15.01031	
-0.20768	0.97820	0.00000	8.00668	
-0.20768	0.97820	0.00000	8.00668	
-0.20768	0.97820	0.00000	8.00668	
-0.20768	0.97820	0.00000	8.00668	
-0.20768	0.97820	0.00000	8.00668	
-0.20768	0.97820	0.00000	8.00668	
-0.20768	0.97820	0.00000	8.52005	
-0.20768	0.97820	0.00000	8.52005	
-0.20768	0.97820	0.00000	8.52005	
-0.20768	0.97820	0.00000	8.52005	
-0.20768	0.97820	0.00000	8.52005	
-0.20768	0.97820	0.00000	8.52005	
-0.20768	0.97820	0.00000	7.21587	
-0.20768	0.97820	0.00000	7.21587	
-0.20768	0.97820	0.00000	7.21587	
-0.20768	0.97820	0.00000	7.21587	
-0.20768	0.97820	0.00000	7.21587	
-0.20768	0.97820	0.00000	7.21587	
-0.20768	0.97820	0.00000	6.07167	
-0.20768	0.97820	0.00000	6.07167	
-0.20768	0.97820	0.00000	6.07167	
-0.20768	0.97820	0.00000	6.07167	
-0.20768	0.97820	0.00000	6.07167	
-0.20768	0.97820	0.00000	6.07167	
-0.20768	0.97820	0.00000	6.07167	
-0.20768	0.97820	0.00000	5.34593	
-0.20768	0.97820	0.00000	5.34593	
-0.20768	0.97820	0.00000	5.34593	
-0.20768	0.97820	0.00000	5.34593	
-0.20768	0.97820	0.00000	5.34593	
-0.20768	0.97820	0.00000	5.34593	
-0.20768	0.97820	0.00000	4.48405	
-0.20768	0.97820	0.00000	4.48405	
-0.20768	0.97820	0.00000	4.48405	
-0.20768	0.97820	0.00000	4.48405	
-0.20768	0.97820	0.00000	4.48405	
-0.20768	0.97820	0.00000	4.48405	
-0.20768	0.97820	0.00000	9.84243	
-0.20768	0.97820	0.00000	9.84243	
-0.20768	0.97820	0.00000	9.84243	
-0.20768	0.97820	0.00000	9.84243	
-0.20768	0.97820	0.00000	9.84243	
-0.20768	0.97820	0.00000	9.84243	
-0.22720	0.97385	0.00000	15.01031	
-0.22720	0.97385	0.00000	15.01031	
-0.22720	0.97385	0.00000	15.01031	
-0.22720	0.97385	0.00000	15.01031	
-0.22720	0.97385	0.00000	15.01031	
-0.22720	0.97385	0.00000	15.01031	
-0.22720	0.97385	0.00000	15.01031	
-0.22720	0.97385	0.00000	8.00668	
-0.22720	0.97385	0.00000	8.00668	
-0.22720	0.97385	0.00000	8.00668	
-0.22720	0.97385	0.00000	8.00668	
-0.22720	0.97385	0.00000	8.00668	
-0.22720	0.97385	0.00000	8.00668	
-0.22720	0.97385	0.00000	8.52005	
-0.22720	0.97385	0.00000	8.52005	
-0.22720	0.97385	0.00000	8.52005	
-0.22720	0.97385	0.00000	8.52005	
-0.22720	0.97385	0.00000	8.52005	
-0.22720	0.97385	0.00000	8.52005	
-0.22720	0.97385	0.00000	7.21587	
-0.22720	0.97385	0.00000	7.21587	
-0.22720	0.97385	0.00000	7.21587	
-0.22720	0.97385	0.00000	7.21587	
-0.22720	0.97385	0.00000	7.21587	
-0.22720	0.97385	0.00000	7.21587	
-0.22720	0.97385	0.00000	6.07167	
-0.22720	0.97385	0.00000	6.07167	
-0.22720	0.97385	0.00000	6.07167	
-0.22720	0.97385	0.00000	6.07167	
-0.22720	0.97385	0.00000	6.07167	
-0.22720	0.97385	0.00000	6.07167	
-0.22720	0.97385	0.00000	6.07167	
-0.22720	0.97385	0.00000	5.34593	
-0.22720	0.97385	0.00000	5.34593	
-0.22720	0.97385	0.00000	5.34593	
-0.22720	0.97385	0.00000	5.34593	
-0.22720	0.97385	0.00000	5.34593	
-0.22720	0.97385	0.00000	5.34593	
-0.22720	0.97385	0.00000	4.48405	
-0.22720	0.97385	0.00000	4.48405	
-0.22720	0.97385	0.00000	4.48405	
-0.22720	0.97385	0.00000	4.48405	
-0.22720	0.97385	0.00000	4.48405	
-0.22720	0.97385	0.00000	4.48405	
-0.22720	0.97385	0.00000	9.84243	
-0.22720	0.97385	0.00000	9.84243	
-0.22720	0.97385	0.00000	9.84243	
-0.22720	0.97385	0.00000	9.84243	
-0.22720	0.97385	0.00000	9.84243	
-0.22720	0.97385	0.00000	9.84243	
-0.24663	0.96911	0.00000	15.01031	
-0.24663	0.96911	0.00000	15.01031	
-0.24663	0.96911	0.00000	15.01031	
-0.24663	0.96911	0.00000	15.01031	
-0.24663	0.96911	0.00000	15.01031	
-0.24663	0.96911	0.00000	15.01031	
-0.24663	0.96911	0.00000	15.01031	
-0.24663	0.96911	0.00000	8.00668	
-0.24663	0.96911	0.00000	8.00668	
-0.24663	0.96911	0.00000	8.00668	
-0.24663	0.96911	0.00000	8.00668	
-0.24663	0.96911	0.00000	8.00668	
-0.24663	0.96911	0.00000	8.00668	
-0.24663	0.96911	0.00000	8.52005	
-0.24663	0.96911	0.00000	8.52005	
-0.24663	0.96911	0.00000	8.52005	
-0.24663	0.96911	0.00000	8.52005	
-0.24663	0.96911	0.00000	8.52005	
-0.24663	0.96911	0.00000	8.52005	
-0.24663	0.96911	0.00000	7.21587	
-0.24663	0.96911	0.00000	7.21587	
-0.24663	0.96911	0.00000	7.21587	
-0.24663	0.96911	0.00000	7.21587	
-0.24663	0.96911	0.00000	7.21587	
-0.24663	0.96911	0.00000	7.21587	
-0.24663	0.96911	0.00000	6.07167	
-0.24663	0.96911	0.00000	6.07167	
-0.24663	0.96911	0.00000	6.07167	
-0.24663	0.96911	0.00000	6.07167	
-0.24663	0.96911	0.00000	6.07167	
-0.24663	0.96911	0.00000	6.07167	
-0.24663	0.96911	0.00000	6.07167	
-0.24663	0.96911	0.00000	5.34593	
-0.24663	0.96911	0.00000	5.34593	
-0.24663	0.96911	0.00000	5.34593	
-0.24663	0.96911	0.00000	5.34593	
-0.24663	0.96911	0.00000	5.34593	
-0.24663	0.96911	0.00000	5.34593	
-0.24663	0.96911	0.00000	4.48405	
-0.24663	0.96911	0.00000	4.48405	
-0.24663	0.96911	0.00000	4.48405	
-0.24663	0.96911	0.00000	4.48405	
-0.24663	0.96911	0.00000	4.48405	
-0.24663	0.96911	0.00000	4.48405	
-0.24663	0.96911	0.00000	9.84243	
-0.24663	0.96911	0.00000	9.84243	
-0.24663	0.96911	0.00000	9.84243	
-0.24663	0.96911	0.00000	9.84243	
-0.24663	0.96911	0.00000	9.84243	
-0.24663	0.96911	0.00000	9.84243	
-0.26596	0.96398	0.00000	15.01031	
-0.26596	0.96398	0.00000	15.01031	
-0.26596	0.96398	0.00000	15.01031	
-0.26596	0.96398	0.00000	15.01031	
-0.26596	0.96398	0.00000	15.01031	
-0.26596	0.96398	0.00000	15.01031	
-0.26596	0.96398	0.00000	15.01031	
-0.26596	0.96398	0.00000	8.00668	
-0.26596	0.96398	0.00000	8.00668	
-0.26596	0.96398	0.00000	8.00668	
-0.26596	0.96398	0.00000	8.00668	
-0.26596	0.96398	0.00000	8.00668	
-0.26596	0.96398	0.00000	8.00668	
-0.26596	0.96398	0.00000	8.52005	
-0.26596	0.96398	0.00000	8.52005	
-0.26596	0.96398	0.00000	8.52005	
-0.26596	0.96398	0.00000	8.52005	
-0.26596	0.96398	0.00000	8.52005	
-0.26596	0.96398	0.00000	8.52005	
-0.26596	0.96398	0.00000	7.21587	
-0.26596	0.96398	0.00000	7.21587	
-0.26596	0.96398	0.00000	7.21587	
-0.26596	0.96398	0.00000	7.21587	
-0.26596	0.96398	0.00000	7.21587	
-0.26596	0.96398	0.00000	7.21587	
-0.26596	0.96398	0.00000	6.07167	
-0.26596	0.96398	0.00000	6.07167	
-0.26596	0.96398	0.00000	6.07167	
-0.26596	0.96398	0.00000	6.07167	
-0.26596	0.96398	0.00000	6.07167	
-0.26596	0.96398	0.00000	6.07167	
-0.26596	0.96398	0.00000	6.07167	
-0.26596	0.96398	0.00000	5.34593	
-0.26596	0.96398	0.00000	5.34593	
-0.26596	0.96398	0.00000	5.34593	
-0.26596	0.96398	0.00000	5.34593	
-0.26596	0.96398	0.00000	5.34593	
-0.26596	0.96398	0.00000	5.34593	
-0.26596	0.96398	0.00000	4.48405	
-0.26596	0.96398	0.00000	4.48405	
-0.26596	0.96398	0.00000	4.48405	
-0.26596	0.96398	0.00000	4.48405	
-0.26596	0.96398	0.00000	4.48405	
-0.26596	0.96398	0.00000	4.48405	
-0.26596	0.96398	0.00000	9.84243	
-0.26596	0.96398	0.00000	9.84243	
-0.26596	0.96398	0.00000	9.84243	
-0.26596	0.96398	0.00000	9.84243	
-0.26596	0.96398	0.00000	9.84243	
-0.26596	0.96398	0.00000	9.84243	
-0.28519	0.95847	0.00000	15.01031	
-0.28519	0.95847	0.00000	15.01031	
-0.28519	0.95847	0.00000	15.01031	
-0.28519	0.95847	0.00000	15.01031	
-0.28519	0.95847	0.00000	15.01031	
-0.28519	0.95847	0.00000	15.01031	
-0.28519	0.95847	0.00000	15.01031	
-0.28519	0.95847	0.00000	8.00668	
-0.28519	0.95847	0.00000	8.00668	
-0.28519	0.95847	0.00000	8.00668	
-0.28519	0.95847	0.00000	8.00668	
-0.28519	0.95847	0.00000	8.00668	
-0.28519	0.95847	0.00000	8.00668	
-0.28519	0.95847	0.00000	8.52005	
-0.28519	0.95847	0.00000	8.52005	
-0.28519	0.95847	0.00000	8.52005	
-0.28519	0.95847	0.00000	8.52005	
-0.28519	0.95847	0.00000	8.52005	
-0.28519	0.95847	0.00000	8.52005	
-0.28519	0.95847	0.00000	7.21587	
-0.28519	0.95847	0.00000	7.21587	
-0.28519	0.95847	0.00000	7.21587	
-0.28519	0.95847	0.00000	7.21587	
-0.28519	0.95847	0.00000	7.21587	
-0.28519	0.95847	0.00000	7.21587	
-0.28519	0.95847	0.00000	6.07167	
-0.28519	0.95847	0.00000	6.07167	
-0.28519	0.95847	0.00000	6.07167	
-0.28519	0.95847	0.00000	6.07167	
-0.28519	0.95847	0.00000	6.07167	
-0.28519	0.95847	0.00000	6.07167	
-0.28519	0.95847	0.00000	6.07167	
-0.28519	0.95847	0.00000	5.34593	
-0.28519	0.95847	0.00000	5.34593	
-0.28519	0.95847	0.00000	5.34593	
-0.28519	0.95847	0.00000	5.34593	
-0.28519	0.95847	0.00000	5.34593	
-0.28519	0.95847	0.00000	5.34593	
-0.28519	0.95847	0.00000	4.48405	
-0.28519	0.95847	0.00000	4.48405	
-0.28519	0.95847	0.00000	4.48405	
-0.28519	0.95847	0.00000	4.48405	
-0.28519	0.95847	0.00000	4.48405	
-0.28519	0.95847	0.00000	4.48405	
-0.28519	0.95847	0.00000	9.84243	
-0.28519	0.95847	0.00000	9.84243	
-0.28519	0.95847	0.00000	9.84243	
-0.28519	0.95847	0.00000	9.84243	
-0.28519	0.95847	0.00000	9.84243	
-0.28519	0.95847	0.00000	9.84243	
-0.30430	0.95258	0.00000	24.81104	
-0.30430	0.95258	0.00000	24.81104	
-0.30430	0.95258	0.00000	24.81104	
-0.30430	0.95258	0.00000	24.81104	
-0.30430	0.95258	0.00000	24.81104	
-0.30430	0.95258	0.00000	24.81104	
-0.30430	0.95258	0.00000	24.81104	
-0.30430	0.95258	0.00000	14.02524	
-0.30430	0.95258	0.00000	14.02524	
-0.30430	0.95258	0.00000	14.02524	
-0.30430	0.95258	0.00000	14.02524	
-0.30430	0.95258	0.00000	14.02524	
-0.30430	0.95258	0.00000	14.02524	
-0.30430	0.95258	0.00000	13.85768	
-0.30430	0.95258	0.00000	13.85768	
-0.30430	0.95258	0.00000	13.85768	
-0.30430	0.95258	0.00000	13.85768	
-0.30430	0.95258	0.00000	13.85768	
-0.30430	0.95258	0.00000	13.85768	
-0.30430	0.95258	0.00000	11.76530	
-0.30430	0.95258	0.00000	11.76530	
-0.30430	0.95258	0.00000	11.76530	
-0.30430	0.95258	0.00000	11.76530	
-0.30430	0.95258	0.00000	11.76530	
-0.30430	0.95258	0.00000	11.76530	
-0.30430	0.95258	0.00000	10.27687	
-0.30430	0.95258	0.00000	10.27687	
-0.30430	0.95258	0.00000	10.27687	
-0.30430	0.95258	0.00000	10.27687	
-0.30430	0.95258	0.00000	10.27687	
-0.30430	0.95258	0.00000	10.27687	
-0.30430	0.95258	0.00000	10.27687	
-0.30430	0.95258	0.00000	9.80054	
-0.30430	0.95258	0.00000	9.80054	
-0.30430	0.95258	0.00000	9.80054	
-0.30430	0.95258	0.00000	9.80054	
-0.30430	0.95258	0.00000	9.80054	
-0.30430	0.95258	0.00000	9.80054	
-0.30430	0.95258	0.00000	8.80587	
-0.30430	0.95258	0.00000	8.80587	
-0.30430	0.95258	0.00000	8.80587	
-0.30430	0.95258	0.00000	8.80587	
-0.30430	0.95258	0.00000	8.80587	
-0.30430	0.95258	0.00000	8.80587	
-0.30430	0.95258	0.00000	18.35986	
-0.30430	0.95258	0.00000	18.35986	
-0.30430	0.95258	0.00000	18.35986	
-0.30430	0.95258	0.00000	18.35986	
-0.30430	0.95258	0.00000	18.35986	
-0.30430	0.95258	0.00000	18.35986	
-0.32329	0.94630	0.00000	24.81104	
-0.32329	0.94630	0.00000	24.81104	
-0.32329	0.94630	0.00000	24.81104	
-0.32329	0.94630	0.00000	24.81104	
-0.32329	0.94630	0.00000	24.81104	
-0.32329	0.94630	0.00000	24.81104	
-0.32329	0.94630	0.00000	24.81104	
-0.32329	0.94630	0.00000	14.02524	
-0.32329	0.94630	0.00000	14.02524	
-0.32329	0.94630	0.00000	14.02524	
-0.32329	0.94630	0.00000	14.02524	
-0.32329	0.94630	0.00000	14.02524	
-0.32329	0.94630	0.00000	14.02524	
-0.32329	0.94630	0.00000	13.85768	
-0.32329	0.94630	0.00000	13.85768	
-0.32329	0.94630	0.00000	13.85768	
-0.32329	0.94630	0.00000	13.85768	
-0.32329	0.94630	0.00000	13.85768	
-0.32329	0.94630	0.00000	13.85768	
-0.32329	0.94630	0.00000	11.76530	
-0.32329	0.94630	0.00000	11.76530	
-0.32329	0.94630	0.00000	11.76530	
-0.32329	0.94630	0.00000	11.76530	
-0.32329	0.94630	0.00000	11.76530	
-0.32329	0.94630	0.00000	11.76530	
-0.32329	0.94630	0.00000	10.27687	
-0.32329	0.94630	0.00000	10.27687	
-0.32329	0.94630	0.00000	10.27687	
-0.32329	0.94630	0.00000	10.27687	
-0.32329	0.94630	0.00000	10.27687	
-0.32329	0.94630	0.00000	10.27687	
-0.32329	0.94630	0.00000	10.27687	
-0.32329	0.94630	0.00000	9.80054	
-0.32329	0.94630	0.00000	9.80054	
-0.32329	0.94630	0.00000	9.80054	
-0.32329	0.94630	0.00000	9.80054	
-0.32329	0.94630	0.00000	9.80054	
-0.32329	0.94630	0.00000	9.80054	
-0.32329	0.94630	0.00000	8.80587	
-0.32329	0.94630	0.00000	8.80587	
-0.32329	0.94630	0.00000	8.80587	
-0.32329	0.94630	0.00000	8.80587	
-0.32329	0.94630	0.00000	8.80587	
-0.32329	0.94630	0.00000	8.80587	
-0.32329	0.94630	0.00000	18.35986	
-0.32329	0.94630	0.00000	18.35986	
-0.32329	0.94630	0.00000	18.35986	
-0.32329	0.94630	0.00000	18.35986	
-0.32329	0.94630	0.00000	18.35986	
-0.32329	0.94630	0.00000	18.35986	
-0.34215	0.93965	0.00000	24.81104	
-0.34215	0.93965	0.00000	24.81104	
-0.34215	0.93965	0.00000	24.81104	
-0.34215	0.93965	0.00000	24.81104	
-0.34215	0.93965	0.00000	24.81104	
-0.34215	0.93965	0.00000	24.81104	
-0.34215	0.93965	0.00000	24.81104	
-0.34215	0.93965	0.00000	14.02524	
-0.34215	0.93965	0.00000	14.02524	
-0.34215	0.93965	0.00000	14.02524	
-0.34215	0.93965	0.00000	14.02524	
-0.34215	0.93965	0.00000	14.02524	
-0.34215	0.93965	0.00000	14.02524	
-0.34215	0.93965	0.00000	13.85768	
-0.34215	0.93965	0.00000	13.85768	
-0.34215	0.93965	0.00000	13.85768	
-0.34215	0.93965	0.00000	13.85768	
-0.34215	0.93965	0.00000	13.85768	
-0.34215	0.93965	0.00000	13.85768	
-0.34215	0.93965	0.00000	11.76530	
-0.34215	0.93965	0.00000	11.76530	
-0.34215	0.93965	0.00000	11.76530	
-0.34215	0.93965	0.00000	11.76530	
-0.34215	0.93965	0.00000	11.76530	
-0.34215	0.93965	0.00000	11.76530	
-0.34215	0.93965	0.00000	10.27687	
-0.34215	0.93965	0.00000	10.27687	
-0.34215	0.93965	0.00000	10.27687	
-0.34215	0.93965	0.00000	10.27687	
-0.34215	0.93965	0.00000	10.27687	
-0.34215	0.93965	0.00000	10.27687	
-0.34215	0.93965	0.00000	10.27687	
-0.34215	0.93965	0.00000	9.80054	
-0.34215	0.93965	0.00000	9.80054	
-0.34215	0.93965	0.00000	9.80054	
-0.34215	0.93965	0.00000	9.80054	
-0.34215	0.93965	0.00000	9.80054	
-0.34215	0.93965	0.00000	9.80054	
-0.34215	0.93965	0.00000	8.80587	
-0.34215	0.93965	0.00000	8.80587	
-0.34215	0.93965	0.00000	8.80587	
-0.34215	0.93965	0.00000	8.80587	
-0.34215	0.93965	0.00000	8.80587	
-0.34215	0.93965	0.00000	8.80587	
-0.34215	0.93965	0.00000	18.35986	
-0.34215	0.93965	0.00000	18.35986	
-0.34215	0.93965	0.00000	18.35986	
-0.34215	0.93965	0.00000	18.35986	
-0.34215	0.93965	0.00000	18.35986	
-0.34215	0.93965	0.00000	18.35986	
-0.36087	0.93262	0.00000	24.81104	
-0.36087	0.93262	0.00000	24.81104	
-0.36087	0.93262	0.00000	24.81104	
-0.36087	0.93262	0.00000	24.81104	
-0.36087	0.93262	0.00000	24.81104	
-0.36087	0.93262	0.00000	24.81104	
-0.36087	0.93262	0.00000	24.81104	
-0.36087	0.93262	0.00000	14.02524	
-0.36087	0.93262	0.00000	14.02524	
-0.36087	0.93262	0.00000	14.02524	
-0.36087	0.93262	0.00000	14.02524	
-0.36087	0.93262	0.00000	14.02524	
-0.36087	0.93262	0.00000	14.02524	
-0.36087	0.93262	0.00000	13.85768	
-0.36087	0.93262	0.00000	13.85768	
-0.36087	0.93262	0.00000	13.85768	
-0.36087	0.93262	0.00000	13.85768	
-0.36087	0.93262	0.00000	13.85768	
-0.36087	0.93262	0.00000	13.85768	
-0.36087	0.93262	0.00000	11.76530	
-0.36087	0.93262	0.00000	11.76530	
-0.36087	0.93262	0.00000	11.76530	
-0.36087	0.93262	0.00000	11.76530	
-0.36087	0.93262	0.00000	11.76530	
-0.36087	0.93262	0.00000	11.76530	
-0.36087	0.93262	0.00000	10.27687	
-0.36087	0.93262	0.00000	10.27687	
-0.36087	0.93262	0.00000	10.27687	
-0.36087	0.93262	0.00000	10.27687	
-0.36087	0.93262	0.00000	10.27687	
-0.36087	0.93262	0.00000	10.27687	
-0.36087	0.93262	0.00000	10.27687	
-0.36087	0.93262	0.00000	9.80054	
-0.36087	0.93262	0.00000	9.80054	
-0.36087	0.93262	0.00000	9.80054	
-0.36087	0.93262	0.00000	9.80054	
-0.36087	0.93262	0.00000	9.80054	
-0.36087	0.93262	0.00000	9.80054	
-0.36087	0.93262	0.00000	8.80587	
-0.36087	0.93262	0.00000	8.80587	
-0.36087	0.93262	0.00000	8.80587	
-0.36087	0.93262	0.00000	8.80587	
-0.36087	0.93262	0.00000	8.80587	
-0.36087	0.93262	0.00000	8.80587	
-0.36087	0.93262	0.00000	18.35986	
-0.36087	0.93262	0.00000	18.35986	
-0.36087	0.93262	0.00000	18.35986	
-0.36087	0.93262	0.00000	18.35986	
-0.36087	0.93262	0.00000	18.35986	
-0.36087	0.93262	0.00000	18.35986	
-0.37945	0.92521	0.00000	24.81104	
-0.37945	0.92521	0.00000	24.81104	
-0.37945	0.92521	0.00000	24.81104	
-0.37945	0.92521	0.00000	24.81104	
-0.37945	0.92521	0.00000	24.81104	
-0.37945	0.92521	0.00000	24.81104	
-0.37945	0.92521	0.00000	24.81104	
-0.37945	0.92521	0.00000	14.02524	
-0.37945	0.92521	0.00000	14.02524	
-0.37945	0.92521	0.00000	14.02524	
-0.37945	0.92521	0.00000	14.02524	
-0.37945	0.92521	0.00000	14.02524	
-0.37945	0.92521	0.00000	14.02524	
-0.37945	0.92521	0.00000	13.85768	
-0.37945	0.92521	0.00000	13.85768	
-0.37945	0.92521	0.00000	13.85768	
-0.37945	0.92521	0.00000	13.85768	
-0.37945	0.92521	0.00000	13.85768	
-0.37945	0.92521	0.00000	13.85768	
-0.37945	0.92521	0.00000	11.76530	
-0.37945	0.92521	0.00000	11.76530	
-0.37945	0.92521	0.00000	11.76530	
-0.37945	0.92521	0.00000	11.76530	
-0.37945	0.92521	0.00000	11.76530	
-0.37945	0.92521	0.00000	11.76530	
-0.37945	0.92521	0.00000	10.27687	
-0.37945	0.92521	0.00000	10.27687	
-0.37945	0.92521	0.00000	10.27687	
-0.37945	0.92521	0.00000	10.27687	
-0.37945	0.92521	0.00000	10.27687	
-0.37945	0.92521	0.00000	10.27687	
-0.37945	0.92521	0.00000	10.27687	
-0.37945	0.92521	0.00000	9.80054	
-0.37945	0.92521	0.00000	9.80054	
-0.37945	0.92521	0.00000	9.80054	
-0.37945	0.92521	0.00000	9.80054	
-0.37945	0.92521	0.00000	9.80054	
-0.37945	0.92521	0.00000	9.80054	
-0.37945	0.92521	0.00000	8.80587	
-0.37945	0.92521	0.00000	8.80587	
-0.37945	0.92521	0.00000	8.80587	
-0.37945	0.92521	0.00000	8.80587	
-0.37945	0.92521	0.00000	8.80587	
-0.37945	0.92521	0.00000	8.80587	
-0.37945	0.92521	0.00000	18.35986	
-0.37945	0.92521	0.00000	18.35986	
-0.37945	0.92521	0.00000	18.35986	
-0.37945	0.92521	0.00000	18.35986	
-0.37945	0.92521	0.00000	18.35986	
-0.37945	0.92521	0.00000	18.35986	
-0.39788	0.91744	0.00000	24.81104	
-0.39788	0.91744	0.00000	24.81104	
-0.39788	0.91744	0.00000	24.81104	
-0.39788	0.91744	0.00000	24.81104	
-0.39788	0.91744	0.00000	24.81104	
-0.39788	0.91744	0.00000	24.81104	
-0.39788	0.91744	0.00000	24.81104	
-0.39788	0.91744	0.00000	14.02524	
-0.39788	0.91744	0.00000	14.02524	
-0.39788	0.91744	0.00000	14.02524	
-0.39788	0.91744	0.00000	14.02524	
-0.39788	0.91744	0.00000	14.02524	
-0.39788	0.91744	0.00000	14.02524	
-0.39788	0.91744	0.00000	13.85768	
-0.39788	0.91744	0.00000	13.85768	
-0.39788	0.91744	0.00000	13.85768	
-0.39788	0.91744	0.00000	13.85768	
-0.39788	0.91744	0.00000	13.85768	
-0.39788	0.91744	0.00000	13.85768	
-0.39788	0.91744	0.00000	11.76530	
-0.39788	0.91744	0.00000	11.76530	
-0.39788	0.91744	0.00000	11.76530	
-0.39788	0.91744	0.00000	11.76530	
-0.39788	0.91744	0.00000	11.76530	
-0.39788	0.91744	0.00000	11.76530	
-0.39788	0.91744	0.00000	10.27687	
-0.39788	0.91744	0.00000	10.27687	
-0.39788	0.91744	0.00000	10.27687	
-0.39788	0.91744	0.00000	10.27687	
-0.39788	0.91744	0.00000	10.27687	
-0.39788	0.91744	0.00000	10.27687	
-0.39788	0.91744	0.00000	10.27687	
-0.39788	0.91744	0.00000	9.80054	
-0.39788	0.91744	0.00000	9.80054	
-0.39788	0.91744	0.00000	9.80054	
-0.39788	0.91744	0.00000	9.80054	
-0.39788	0.91744	0.00000	9.80054	
-0.39788	0.91744	0.00000	9.80054	
-0.39788	0.91744	0.00000	8.80587	
-0.39788	0.91744	0.00000	8.80587	
-0.39788	0.91744	0.00000	8.80587	
-0.39788	0.91744	0.00000	8.80587	
-0.39788	0.91744	0.00000	8.80587	
-0.39788	0.91744	0.00000	8.80587	
-0.39788	0.91744	0.00000	18.35986	
-0.39788	0.91744	0.00000	18.35986	
-0.39788	0.91744	0.00000	18.35986	
-0.39788	0.91744	0.00000	18.35986	
-0.39788	0.91744	0.00000	18.35986	
-0.39788	0.91744	0.00000	18.35986	
